古灵精怪:1,3,4,5,13,14,19,20,21,22,26,33|9,10,11
德胜:4,7,12,15,18,19,20,24,25,28,29,30|6,9,11
中彩昭明:4,6,10,12,13,15,18,22,26,27,28,32|8,10,15
中彩king:4,6,9,11,13,18,19,23,26,28,29,30|4,10,14
千年老二:4,6,9,10,12,16,19,20,22,25,29,30|3,5,7
小神通:3,4,6,9,13,16,19,22,23,24,25,29|1,12,16
东北老李:1,2,3,4,11,12,18,19,20,23,25,26|2,5,16
齐天大圣:3,4,5,6,7,8,12,15,16,18,19,21|4,11,14
双人组:3,5,8,9,13,18,19,22,24,26,29,31|10,11,15
三人小组:1,3,8,11,13,15,17,21,23,27,29,30|7,10,13
小财神:1,2,3,8,11,12,14,19,20,25,26,33|2,5,16
南门城楼:3,5,6,8,11,12,14,19,23,25,26,29|4,5,6
军辉:2,3,6,8,15,17,18,22,23,25,30,32|8,11,13
高手的姐:3,4,7,9,12,16,18,20,25,26,29,30|2,3,12
aming8889888:7,9,10,13,14,15,16,24,25,27,28,29|7,9,11
擂台探花:4,6,9,12,13,15,19,24,26,27,29,31|6,10,14
