<<<<<<< HEAD
=======
双人组:4,6,13,16,17,21,22,26,27,28,29,31|1,7,13
小神通:3,5,9,12,14,15,19,20,25,28,31,33|3,6,8
锅子之锄禾:1,2,9,11,12,13,16,17,21,26,28,30|2,5,8
古灵精怪:6,9,10,11,15,18,21,24,25,27,28,33|11,12,13
天衍之数:3,4,5,8,9,11,14,15,16,17,24,27|4,6,14
弹指神功:1,2,5,6,8,11,17,19,22,24,28,29|2,12,14
GM.chen:2,3,6,12,14,20,23,24,26,28,30,33|2,5,8
南天一注:4,8,10,13,16,20,22,24,25,26,28,30|1,2,5
斜阳追月:4,5,6,7,10,11,14,15,24,27,29,30|1,3,13
齐天大圣:3,4,8,9,13,15,17,19,22,23,24,26|4,6,9
aming8889888:3,7,8,9,15,16,18,20,23,25,26,28|1,3,4
东北老李:1,2,8,9,11,12,13,14,20,23,25,26|1,3,7
三人小组:2,6,12,18,19,20,22,24,26,28,30,32|7,8,11
小财神:2,4,6,11,12,13,15,17,19,20,22,28|1,3,7
德胜:3,5,8,11,16,19,22,24,26,28,31,33|12,15,16
阿拉丁:4,7,12,15,17,18,19,24,28,29,32,33|1,5,12
开平碉楼:4,5,8,10,11,15,19,20,22,26,28,32|1,8,16
>>>>>>> branch 'develop' of https://github.com/zhangjiale8/improve-center.git
