小财神:1,2,3,8,9,10,12,15,16,20,24,30|6,11,13
齐天大圣:1,3,7,14,16,17,19,22,26,28,30,31|3,5,7
古灵精怪:3,4,5,6,11,15,21,22,27,28,29,31|7,8,11
aming8889888:3,6,7,9,14,15,18,19,24,25,32,33|1,2,3
东北老李:1,2,3,6,11,12,18,19,20,23,24,25|6,11,13
三人小组:6,7,8,9,15,17,21,22,26,29,30,32|8,10,12
德胜:2,4,5,8,13,15,16,19,24,25,29,32|5,13,16
南天一注:1,2,5,8,15,16,20,24,28,30,32,33|1,8,16
军辉:1,5,7,8,14,15,19,20,24,27,30,32|2,6,8
阿拉丁:3,5,6,11,12,15,16,20,22,23,24,27|6,7,15
锅子之锄禾:3,6,9,10,15,19,20,22,25,26,29,32|2,11,13
中彩昭明:1,3,6,9,13,14,16,21,24,26,27,31|6,12,15
小水瓶2018:1,4,5,7,8,9,10,12,15,20,21,23|2,5,12
高手的姐:5,6,7,9,12,13,21,22,28,29,30,32|5,12,14
开平碉楼:3,5,9,10,11,14,18,19,21,22,25,32|8,10,16
双人组:1,6,8,9,16,17,20,21,22,29,30,31|7,11,15
小神通:1,2,7,9,12,14,15,16,17,20,29,32|8,12,16