小财神:4,6,11,18,20,21,22,23,25,27,29,33|11,13,16
齐天大圣:1,3,7,8,10,11,12,13,15,23,24,30|6,8,10
古灵精怪:3,4,8,10,11,15,20,24,25,27,28,31|11,12,13
南天一注:2,4,6,8,14,16,20,24,26,28,30,32|1,8,16
军辉:2,6,8,9,16,17,21,22,24,27,30,33|2,7,8
阿拉丁:2,3,5,7,11,13,19,24,26,28,31,32|5,8,9
中彩昭明:3,6,8,12,14,15,17,23,24,27,29,31|4,12,15
aming8889888:7,11,12,13,14,20,22,24,25,28,29,32|8,14,16
东北老李:1,2,3,5,7,9,11,18,20,24,26,33|11,13,16
小水瓶2018:3,4,6,9,12,15,18,20,25,27,29,30|4,8,9
高手的姐:2,4,6,9,12,15,16,20,25,26,29,32|5,7,8
德胜:3,6,8,10,16,17,22,24,25,26,29,32|4,12,14
开平碉楼:1,6,8,9,10,14,15,20,21,22,25,29|8,10,12
锅子之锄禾:3,5,6,8,12,13,17,22,27,28,31,32|8,12,16
双人组:1,2,6,8,12,17,21,22,23,27,30,31|8,13,16
小神通:2,6,13,16,18,20,21,24,25,26,32,33|8,9,14
三人小组:3,5,7,12,13,17,21,24,25,27,29,31|8,10,12
