齐天大圣:1,4,6,8,10,12,14,17,18,19,23,32|2,6,12
古灵精怪:2,3,9,11,12,14,15,16,25,26,29,30|4,5,6
东北老李:1,2,3,4,9,12,15,16,20,22,23,28|4,11,14
德胜:4,9,13,14,17,19,20,21,27,30,31,33|4,5,13
中彩昭明:4,6,7,9,13,15,16,19,23,25,27,29|1,3,5
中彩king:5,9,11,15,18,19,20,23,29,30,32,33|1,3,16
aming8889888:4,5,7,8,11,12,15,21,24,25,28,31|3,7,16
三人小组:4,7,9,14,17,19,21,23,25,27,29,31|3,7,11
擂台探花:3,6,9,11,12,13,18,19,24,27,28,31|3,7,15
南门城楼:8,10,12,18,19,21,22,23,25,28,30,32|1,5,7
双人组:3,4,5,6,8,14,15,20,21,25,28,30|3,8,15
小神通:2,7,12,14,15,17,19,21,25,26,28,32|4,9,10
千年老二:1,3,6,12,14,18,20,22,23,26,29,32|1,7,12
军辉:2,3,6,8,14,16,17,21,23,25,30,32|11,12,14
小财神:1,2,3,5,7,9,12,16,18,20,23,24|4,11,14
高手的姐:1,6,8,10,13,14,17,21,28,30,31,33|6,7,12