小财神:1,2,3,8,9,12,13,14,20,25,26,33|1,11,16
南天一注:1,2,5,11,15,19,24,25,28,30,32,33|1,3,7
东北老李:1,2,3,6,11,12,14,15,20,23,28,33|1,11,16
三人小组:5,7,9,11,16,17,19,21,25,27,29,31|1,2,3
德胜:7,8,9,10,13,15,17,19,20,28,29,30|5,6,7
南门城楼:4,6,7,10,13,14,17,19,21,25,29,31|3,5,7
古灵精怪:4,5,9,11,12,15,16,18,20,22,23,31|8,9,10
小水瓶2018:1,5,9,14,15,16,24,25,26,28,29,30|1,3,7
中彩king:4,6,9,12,13,14,16,19,21,24,29,31|2,3,5
齐天大圣:1,2,9,10,11,15,19,22,23,24,25,32|7,15,16
双人组:2,3,4,7,8,11,18,19,20,23,26,33|1,5,9
千年老二:1,6,8,11,16,18,20,21,22,25,27,31|5,9,12
小神通:5,7,13,16,18,19,20,23,25,29,30,32|1,13,16
军辉:3,5,8,9,15,16,18,20,26,29,30,31|1,3,6
高手的姐:1,2,7,10,13,17,19,20,26,29,31,32|2,3,6
aming8889888:5,6,13,16,17,18,19,24,25,26,28,30|9,11,15
开平碉楼:1,3,9,12,14,19,21,22,23,25,29,30|3,7,10