高手的姐:2,7,8,10,12,14,16,19,25,28,31,33|3,7,15
德胜:3,4,5,6,7,9,12,15,18,19,25,31|7,12,15
中彩昭明:4,6,9,11,14,19,21,24,25,28,29,30|4,6,14
南天一注:2,4,8,10,12,16,20,24,26,28,30,32|1,8,10
齐天大圣:1,2,3,4,8,12,13,14,16,17,19,21|2,4,6
小神通:3,5,7,12,16,18,19,22,23,24,26,29|3,7,16
锅子之锄禾:4,5,6,7,9,10,14,15,18,20,22,23|2,5,12
古灵精怪:2,3,9,11,18,19,20,22,25,27,28,29|10,11,12
aming8889888:4,6,7,13,16,17,18,19,25,26,28,29|2,6,8
小财神:1,2,3,4,11,12,18,19,20,25,26,33|14,15,16
南门城楼:6,12,17,23,25,26,27,28,29,30,31,32|3,4,16
开平碉楼:1,2,3,20,21,22,25,26,27,31,32,33|8,9,10
双人组:3,5,6,7,8,11,12,15,21,24,26,31|6,8,16
军辉:2,4,7,8,13,15,18,22,23,24,32,33|3,5,6
东北老李:1,2,3,4,11,12,15,16,20,23,28,33|14,15,16
小水瓶2018:1,11,23,24,25,26,27,28,29,30,31,32|3,11,16
三人小组:2,7,9,13,14,16,18,22,24,27,29,30|2,8,10
