锅子之锄禾
04,6,8,9,10,11,13,16,20,27,29,31,1,11,15,
双人组
03,4,10,16,17,20,21,22,26,28,29,33,1,6,9
小神通
02,3,11,16,17,20,21,27,28,29,31,33,2,6,12
aming8889888
03,6,7,9,10,11,14,16,21,27,29,31,1,11,15
小财神
01,2,3,8,9,12,15,16,19,20,24,33,5,11,16
弹指神功
02,7,13,14,16,17,19,20,23,27,28,30,1,12,14,
GM.chen
03,6,9,11,12,13,15,16,20,26,28,31,1,11,15
东北老李
01,2,3,4,11,12,18,19,20,23,28,33,5,11,16
古灵精怪
02,5,11,13,14,15,20,24,25,27,28,31,8,9,10
天衍之数
04,5,10,11,13,14,20,22,23,26,27,33,1,10,11
齐天大圣
01,3,7,9,10,11,16,19,22,23,27,28,5,7,9
南天一注
02,4,8,14,16,18,20,24,26,28,30,32,1,2,6
斜阳追月
04,6,7,9,10,11,14,17,21,27,28,30,2,3,15
三人小组
03,4,6,8,10,16,18,20,26,28,30,32,9,12,15
阿拉丁
01,6,9,11,12,15,18,20,21,24,27,33,3,4,12
德胜
01,2,4,6,12,17,20,29,30,31,32,33,1,9,13
开平碉楼
02,5,7,9,10,11,15,18,19,22,25,27,1,6,8