天衍之数:5,6,8,11,12,13,16,18,22,23,28,32|4,6,14
福彩状元:1,9,12,14,15,16,17,22,23,26,27,30|10,13,14
齐天大圣:1,3,8,10,13,17,19,20,21,22,25,28|14,15,16
开平碉楼:3,7,9,10,12,13,14,18,21,22,25,32|1,5,13
弹指神功:1,5,9,12,14,16,17,21,23,26,27,30|13,14,16
小财神:1,2,3,4,10,11,12,16,19,20,23,28|3,10,13
双人组:2,5,8,12,14,17,20,22,23,27,28,33|1,5,12
小神通:5,6,10,11,12,16,21,23,24,27,31,32|1,9,16
东北老李:1,5,6,11,12,13,14,19,20,22,23,28|3,10,13
三人小组:3,5,6,8,12,14,17,23,24,27,30,32|4,8,13
德胜:1,3,5,8,9,13,16,19,20,22,27,31|1,6,14
阿拉丁:2,4,5,12,13,16,18,22,24,28,30,32|8,11,16
辽宁刚哥:6,7,12,13,14,15,18,22,25,27,29,30|6,12,15
锅子之锄禾:2,5,8,9,12,13,14,15,17,20,22,30|1,4,8
aming8889888:3,5,8,12,15,17,20,21,22,27,29,32|4,7,13
解码双色球:2,3,13,16,18,20,21,23,25,28,31,33|14,15,16
古灵精怪:2,5,7,8,11,14,15,20,24,25,27,32|5,6,7