古灵精怪:2,5,7,10,11,12,14,22,25,28,29,30|8,9,10
东北老李:1,2,3,5,7,9,14,18,19,20,21,26|1,4,11
德胜:1,6,11,15,17,18,19,20,27,28,29,30|5,10,13
中彩昭明:3,4,7,9,13,14,16,19,24,26,27,29|5,9,11
双人组:2,4,5,8,11,15,16,23,25,26,29,33|3,7,8
中彩king:8,10,11,12,13,14,19,20,22,24,26,29|6,13,16
千年老二:4,6,9,10,12,16,19,20,22,25,29,30|3,5,7
小神通:2,4,7,8,15,16,17,25,26,27,28,31|1,5,11
军辉:2,3,6,8,14,18,19,21,23,25,30,32|7,11,12
三人小组:5,7,9,11,13,15,17,21,23,25,29,30|3,7,9
齐天大圣:1,2,5,6,7,20,21,24,25,27,28,31|4,7,14
aming8889888:3,6,7,9,12,14,16,18,23,25,27,29|6,11,16
小财神:1,6,8,12,13,15,17,19,20,21,23,24|1,4,11
南门城楼:1,2,5,7,8,9,13,18,21,23,28,33|4,13,16
高手的姐:2,3,5,7,9,12,13,14,18,21,25,31|1,8,16
擂台探花:1,2,3,6,9,12,19,22,24,26,29,32|5,11,15
