高手的姐:4,5,6,12,17,19,22,25,27,28,29,32|5,8,11
德胜:2,8,10,11,14,16,21,22,25,26,30,31|6,14,16
三人小组:6,7,8,9,15,18,20,22,23,24,26,30|5,9,10
军辉:1,3,6,10,14,15,18,21,24,25,30,31|5,8,11
中彩昭明:6,8,13,14,15,18,23,24,25,26,28,29|4,6,14
锅子之锄禾:1,6,8,10,11,15,16,17,18,22,23,24|5,6,16
古灵精怪:4,10,11,14,15,20,21,22,25,29,32,33|9,10,11
南天一注:1,8,12,15,16,20,24,25,28,30,32,33|1,8,9
齐天大圣:1,2,4,8,9,11,18,19,20,21,22,28|1,11,15
小神通:1,2,4,7,9,12,19,23,28,29,30,33|1,7,16
aming8889888:5,7,9,10,12,14,20,22,25,26,28,29|8,9,14
双人组:4,5,6,12,17,19,22,25,27,28,29,32|5,8,11
小财神:1,2,3,6,11,12,18,19,20,22,24,32|4,11,15
开平碉楼:1,3,8,12,14,16,19,20,22,25,27,30|1,8,10
东北老李:1,2,3,8,11,12,14,15,20,23,26,32|4,11,15
南门城楼:3,8,10,11,15,16,21,24,25,26,29,31|7,9,13
小水瓶2018:1,11,23,24,25,26,27,28,29,30,31,32|3,11,16