古灵精怪:1,2,4,5,16,17,18,19,22,26,28,33|11,12,13
德胜:9,10,11,12,13,14,15,20,24,25,26,28|2,11,13
中彩昭明:1,6,9,12,14,15,19,21,23,24,29,31|3,8,14
千年老二:4,6,9,10,12,16,19,20,22,25,29,30|3,5,7
小神通:5,6,8,9,17,19,20,22,23,24,29,32|5,10,14
东北老李:1,2,3,8,11,12,14,19,20,25,26,33|3,14,16
三人小组:9,10,13,17,21,23,25,27,29,30,31,33|4,9,13
南门城楼:1,4,8,9,13,16,19,21,23,24,27,29|6,8,16
中彩king:1,4,8,11,15,19,21,23,24,26,29,31|8,10,14
齐天大圣:1,3,5,7,9,11,13,16,17,18,19,26|8,11,14
双人组:3,5,7,15,18,20,21,23,26,29,30,32|1,5,9
军辉:1,4,6,9,15,16,18,21,23,24,27,32|2,14,15
高手的姐:3,7,8,10,15,17,20,22,24,28,29,31|2,6,11
aming8889888:5,6,8,9,11,14,18,20,23,24,26,27|1,6,7
小财神:1,4,8,11,12,13,15,17,19,20,26,33|3,14,16
擂台探花:4,6,8,11,13,15,16,19,21,24,26,29|8,9,10