小财神:1,2,3,4,11,12,18,19,20,25,26,33|10,14,16
南天一注:2,5,8,14,15,16,20,24,28,30,32,33|1,3,7
东北老李:1,2,3,8,11,12,14,20,23,24,26,33|10,14,16
三人小组:3,5,7,17,19,21,23,24,25,27,29,31|1,5,8
古灵精怪:2,3,9,11,12,15,16,18,20,22,23,33|8,9,10
小水瓶2018:2,10,11,13,16,17,18,25,26,28,29,30|3,8,12
中彩king:2,4,7,9,11,16,19,20,21,26,28,29|5,9,10
齐天大圣:1,3,7,9,11,19,21,22,23,28,29,30|3,5,6
双人组:2,3,4,7,8,11,18,19,20,23,26,33|1,5,9
千年老二:3,4,9,11,14,19,21,23,25,27,28,33|7,10,14
小神通:4,6,8,9,13,15,17,21,29,30,32,33|2,3,16
军辉:4,5,8,10,14,16,17,21,25,27,30,32|1,6,8
高手的姐:1,2,3,4,9,10,18,20,24,25,29,33|1,2,6
aming8889888:3,5,6,8,9,14,17,19,24,26,29,31|3,9,16
德胜:2,7,8,9,15,19,20,24,28,29,30,33|12,13,14
南门城楼:1,4,6,10,11,12,15,19,20,22,25,31|12,13,16
开平碉楼:1,3,8,12,14,19,20,21,22,23,25,30|3,7,12
