锅子之锄禾:1,2,6,11,13,14,18,21,22,23,31,32|2,8,14
aming8889888:5,8,9,12,14,18,20,24,27,28,31,32|3,5,15
弹指神功:2,7,9,14,15,18,21,22,25,27,32,33|8,9,13
双人组:3,8,10,11,15,18,20,21,26,28,29,33|1,8,10
GM.chen:3,6,9,11,12,13,16,22,24,26,30,33|7,12,15
小神通:5,6,7,13,14,15,17,19,21,22,23,30|1,6,16
小财神:1,2,3,4,11,12,15,16,19,20,23,28|9,10,11
齐天大圣:3,4,7,10,12,13,15,22,23,26,31,33|7,12,15
东北老李:1,2,3,8,9,11,12,15,16,20,24,32|4,6,15
古灵精怪:5,6,7,10,13,14,15,20,22,23,24,27|9,10,11,
天衍之数:4,8,15,16,17,18,23,24,26,27,30,33|4,9,11,
阿拉丁:2,5,10,14,16,18,21,22,25,27,32,33|4,7,16
南天一注:2,4,8,10,16,20,22,24,26,28,30,32|1,2,6
斜阳追月:2,4,9,10,12,13,16,20,24,26,29,32|3,5,15
三人小组:3,4,6,8,10,16,18,20,26,28,30,32|9,12,15
德胜:2,3,4,6,8,15,16,17,22,26,27,32|1,2,3
开平碉楼:5,8,9,10,12,15,18,22,24,25,29,30|1,6,8