古灵精怪:2,3,7,11,12,14,15,22,25,28,29,30|10,11,12
东北老李:1,5,6,11,12,14,19,20,22,23,28,31|2,4,8
德胜:7,11,12,14,18,24,25,26,27,31,32,33|1,5,11
中彩昭明:2,4,8,11,13,14,15,22,25,26,29,30|3,5,11
中彩king:4,6,9,13,15,16,19,24,25,26,27,29|10,11,12
双人组:3,5,8,9,10,14,17,23,25,26,29,30|3,7,8
aming8889888:1,5,6,8,14,15,18,19,25,26,27,30|1,3,6
千年老二:1,3,6,12,14,18,20,22,23,26,29,32|1,7,12
小神通:5,6,7,9,12,14,15,24,26,29,31,33|1,5,16
军辉:2,4,7,8,14,15,17,20,23,24,30,33|10,12,13
三人小组:1,13,15,17,19,21,23,25,27,29,30,33|5,7,13
擂台探花:4,6,7,9,12,14,15,19,25,27,29,30|1,11,13
南门城楼:4,5,6,11,12,14,19,21,22,23,27,31|5,7,9
齐天大圣:2,4,8,9,12,15,20,21,22,25,26,27|4,11,14
高手的姐:3,5,6,8,13,14,17,20,25,29,30,33|3,4,7
小财神:1,8,9,10,11,15,16,20,23,24,31,32|2,4,8