中彩king：2,4,9,13,15,16,18,22,24,26,29,31|6,9,10
齐天大圣:3,5,6,8,12,16,18,19,20,24,26,28|4,7,10
军辉:2,4,8,10,14,16,17,21,23,24,32,33|5,6,7
aming8889888:8,10,14,15,18,19,20,22,23,26,27,29|10,11,12
擂台探花:4,6,11,15,16,18,19,21,24,26,27,29|6,8,16
德胜:4,7,10,11,12,13,16,17,20,27,30,32|11,15,16
三人小组:2,3,6,7,9,11,12,17,24,28,30,33|1,3,6,
彩开彩凤:2,4,6,7,11,12,13,15,21,25,26,27|14,15,16
千年老二:1,4,6,7,9,14,18,20,22,24,26,33|7,10,16,
南门城楼:3,4,7,12,13,15,17,19,21,25,27,29|8,9,10
古灵精怪:5,6,14,15,16,17,18,21,22,26,28,29|6,7,8
15988221845:1,3,7,10,11,12,16,19,24,25,26,33|7,9,15
中彩昭明:4,6,9,13,15,16,18,21,23,26,27,29|4,10,16
高手的姐:2,5,6,10,15,17,20,22,23,26,29,30|3,10,13,
东北老李:1,2,3,5,7,9,16,20,24,28,30,33|2,9,16
小财神:1,2,3,4,11,12,13,18,20,25,26,33|2,9,16
双人组:2,4,5,8,9,14,16,18,22,23,24,28|3,6,13