天衍之数:2,6,7,9,12,16,17,19,26,29,30,32|4,7,16
齐天大圣:3,4,5,9,13,18,19,20,22,23,25,27|5,6,12,
福彩状元:1,9,12,14,15,16,17,22,23,26,27,30|10,13,14
开平碉楼:1,6,9,10,12,14,18,19,20,22,28,33|12,13,14
弹指神功:1,5,9,12,14,16,17,21,23,26,27,30|13,14,16
小财神:1,2,3,8,9,10,12,18,19,20,24,32|4,14,15
双人组:1,5,8,14,17,18,20,24,26,27,30,31|1,8,12
小神通:2,5,9,10,14,15,17,18,19,23,29,32|1,6,16
三人小组:3,5,6,8,12,14,17,23,24,27,30,32|4,8,13
德胜:1,2,5,8,9,13,19,22,28,29,32,33|1,11,13
辽宁刚哥:6,7,12,13,14,15,18,22,25,27,29,30|6,12,15
锅子之锄禾:5,6,8,10,15,19,20,21,22,23,28,30|5,6,7
阿拉丁:3,6,9,14,16,18,19,21,22,23,28,30|3,10,12
aming8889888:1,7,9,13,16,20,21,23,26,28,30,31|4,9,13
东北老李:1,2,3,6,9,11,12,18,19,23,24,32|4,14,15
解码双色球:1,2,3,12,16,18,21,23,25,28,31,33|7,9,15
古灵精怪:4,5,7,8,11,14,15,20,24,25,27,32|6,7,8