东北老李:1,2,3,4,9,10,11,15,16,20,22,28|2,12,13
锅子之锄禾:4,5,10,14,18,19,20,21,23,24,30,31|3,6,9
阿拉丁:4,6,10,13,14,17,19,20,23,24,26,33|6,7,16
南天一注:2,4,8,12,16,18,20,24,26,28,30,32|1,2,9
弹指神功:1,2,4,10,13,15,18,21,23,26,28,29|1,2,15
GM.chen:6,8,9,10,13,15,16,19,22,26,27,30|9,10,11
aming8889888:7,12,13,14,15,18,19,20,21,25,28,32|3,7,10
双人组:1,4,8,10,14,17,19,20,21,24,27,29|1,3,5
小神通:3,4,9,10,11,12,13,19,25,26,29,31|1,6,9,
小财神:1,2,4,5,6,18,20,22,23,25,27,29|2,12,13
齐天大圣:1,7,9,10,12,13,14,21,22,24,27,28|11,12,13
斜阳追月:4,5,6,9,12,13,14,19,23,27,31,33|6,14,15
古灵精怪:3,4,6,7,13,14,15,20,24,25,26,27|9,10,11
天衍之数:6,10,12,13,16,17,22,23,24,25,27,29|1,10,11
德胜:2,3,4,6,7,9,11,13,19,23,25,27|2,8,12
开平碉楼:1,5,7,9,10,15,19,20,22,27,28,32|2,8,16
三人小组:4,8,10,12,16,18,19,20,24,26,28,30|2,12,15