隐雨殇:5,7,9,15,21,26,31,33|4
六神无主:5,6,7,10,15,20,25,29,31|3
完美邂逅:5,7,13,17,21,23,31|9
完美邂逅:1,9,10,12,13,14,17,23,24,28|11
不说再见:1,4,13,14,17,21,25,31|11,15
占领排行榜:1,5,10,15,16,20,21,25,27,33|3
占领排行榜:3,5,7,10,14,16,18,25,30,33|6
精英武老师:5,8,9,12,13,14,25,31|8
精英武老师:1,4,5,8,9,12,16,19,31|8
精英武老师:4,9,12,16,17,23,28,30|8
精英武老师:4,6,10,13,14,18,19,30|8
精英武老师:2,4,5,11,17,21,27,29|8
精英武老师:6,9,16,17,18,19,21,27,29,30|8
精英武老师:4,5,11,15,18,20,28,30|8
随缘:2,8,10,12,18,26,33|4
随缘:5,6,9,15,17,19,28|6
Zoeng:1,9,10,12,13,14,17,23,24,28|11
Zoeng:4,7,9,12,20,23,26,28,29,33|15
Zoeng:3,4,10,12,13,14,15,17,18,22,23,24,25,26,28,30|5
Zoeng:1,2,3,4,6,10,12,16,17,18,22,23,24,29,33|5
Zoeng:2,3,5,8,9,10,11,19,21,25,26,27,28,30,32|6
夜色:4,7,10,16,26,29,33|4,12,14
夜色:4,7,12,16,22,26,33|1,2,3,4,5,6,7,8,9,10,11,12,13,14,15,16
夜色:1,4,7,13,16,26,28,33|4
夜色:1,4,7,9,16,26,32,33|4,7,12,14
cam:3,4,9,13,17,20,33|5
cam:8,12,15,17,19,25,30|12
杨浩:1,4,6,7,12,19,23,30|7
杨浩:1,4,7,9,19,23,28,30|7
杨浩:1,4,6,7,19,23,28,30|7
enjoy:6,11,14,17,19,31|3,13
王德秀:1,7,8,9,11,22,23,27,29,33|12
存在:6,7,11,17,18,27,33|4,11,13,14
存在:5,6,7,16,18,20,26,27,33|11
存在:1,5,7,11,17,18,25,27,33|13

