开平碉楼:8,11,12,14,18,19,21,22,25,30,32,33|1,8,12
南天一注:2,4,8,12,14,16,20,24,26,28,30,32|1,2,8
齐天大圣:3,4,6,8,15,16,17,18,21,22,23,31|4,8,12
东北老李:1,2,4,6,11,18,20,22,23,25,27,29|1,9,13
中彩昭明:4,7,10,11,14,16,18,19,25,26,28,31|9,10,12
天衍之数:3,4,11,15,23,24,25,26,29,30,31,32|4,11,12
斜阳追月:2,4,7,9,14,16,18,21,22,28,30,32|6,8,13
三人小组:6,8,10,12,13,16,18,24,26,27,30,32|8,9,10
古灵精怪:3,9,10,14,16,20,21,22,23,24,25,31|11,12,13
GM.chen:6,12,13,16,17,18,20,22,23,26,28,30|11,12,14
锅子之锄禾:1,3,5,6,7,10,20,21,22,24,29,32|2,6,8
双人组:2,6,7,8,14,16,17,21,23,29,31,32|2,8,9
小财神:1,2,3,4,11,12,15,16,20,23,28,33|1,9,13
德胜:4,9,11,12,16,17,18,20,26,30,32,33|2,10,11
aming8889888:1,7,8,9,17,18,21,22,24,25,26,29|4,10,14
阿拉丁:2,3,9,13,14,15,16,17,20,23,26,29|2,8,15
军辉:1,2,8,10,11,14,15,19,23,24,27,28|5,7,15