小财神:1,2,3,5,7,9,11,14,18,20,26,33|11,15,16
东北老李:1,2,3,4,12,15,18,19,20,21,26,33|11,15,16
三人小组:3,4,7,9,14,17,19,21,23,25,27,29|6,7,8
古灵精怪:1,7,9,11,12,15,16,18,20,22,23,33|8,9,10
小水瓶2018:2,10,11,13,16,17,18,25,26,28,29,30|3,8,12
南天一注:2,4,8,13,15,16,18,20,24,28,30,32|1,7,16
中彩king:4,6,9,13,14,15,16,18,19,23,27,29|2,3,5
齐天大圣:1,2,5,6,9,11,14,17,19,20,25,31|3,5,6
双人组:2,8,9,13,16,17,19,20,22,26,30,32|1,5,9
千年老二:1,3,6,12,14,18,20,22,23,26,29,32|1,7,12
小神通:3,4,6,9,12,16,17,22,25,27,28,30|1,7,9
军辉:3,5,8,9,14,17,19,22,25,26,30,33|3,5,7
高手的姐:1,2,7,10,13,17,19,20,26,29,31,32|2,3,6
aming8889888:2,4,8,9,15,17,19,21,24,26,28,29|1,7,13
德胜:1,5,7,8,9,18,19,20,22,23,28,30|4,11,13
南门城楼:2,4,6,8,10,12,13,14,19,21,26,27|2,3,5
开平碉楼:1,3,6,12,14,19,21,22,23,25,32,33|3,7,8
