超越:4,9,13,15,19,23,27,31|1
灰色世界:2,4,11,19,21,26,33|7,12,14,16
。C:2,8,12,19,20,28,30|3,8
不说再见:4,8,13,16,17,26,27,29|14
速度与激情:2,4,16,26,27,29,31|9
六神无主:3,13,14,17,18,20,22,26|4,8
龙斌:4,8,9,11,14,17,23,24,27|10	
wang:1,2,3,9,22,25,26,31|13
wang:4,5,9,13,16,20,22,25,30|16
隐雨殇:2,8,10,13,19,20,22,30|4
开心每一天:4,9,14,15,17,20,26,30|6,8,12,13,14
开心每一天:1,4,11,19,21,26,33|7,16	
汪老爸:4,5,13,17,21,26,30|14
花期:6,10,15,19,20,26,30,31|2,3
可儿:3,9,15,21,22,24,26|7
占领排行榜:2,4,9,11,13,18,22,23,26,27|8
占领排行榜:4,5,7,11,13,18,19,21,31,33|10
存在:2,4,5,14,22,24,26,27|6,10
存在:2,5,9,14,26,27,30|8,10
静物老师:2,4,5,11,17,21,27,29|14
静物老师:4,9,12,16,17,23,28,30|14
静物老师:4,9,16,17,18,19,21,27|14
静物老师:4,6,10,13,14,18,19,30|14
AA:11,13,14,15,17,18,31|16
随缘:4,13,20,23,26,30,31|11
随缘:7,13,18,20,25,29,31|11
A新车:1,6,9,10,12,15,18,21,28,29|4,14
CAM:2,7,8,14,25,30,32|9
CAM:1,3,9,10,23,29,30|10
