开平碉楼:1,2,10,11,14,19,21,22,24,25,27,30|8,12,15
南天一注:2,8,14,16,18,20,22,24,26,28,30,32|1,8,15
中彩昭明:3,5,6,10,12,14,19,20,24,25,29,31|1,2,3,
天衍之数:1,5,6,7,10,11,12,17,20,26,27,32|6,8,9
斜阳追月:3,5,7,10,16,18,19,20,25,30,31,33|7,11,13
东北老李:1,2,3,4,10,13,15,16,20,21,22,28|2,11,12
古灵精怪:2,4,8,12,13,14,20,21,27,28,29,30|7,8,9
GM.chen:3,10,12,14,16,18,19,22,23,29,31,32|2,3,8
锅子之锄禾:4,5,7,9,14,15,16,20,21,27,31,32|8,9,11
齐天大圣:3,6,9,12,14,15,16,19,24,27,30,31|5,12,15
三人小组:3,5,8,9,11,12,14,16,19,27,31,32|8,12,15
小财神:1,2,3,8,9,10,11,14,19,20,25,26|2,11,12
aming8889888:6,7,8,9,13,14,16,17,26,27,30,31|2,12,14
德胜:1,3,5,7,15,16,17,18,24,28,31,32|4,6,9
阿拉丁:1,4,5,7,11,14,15,19,23,27,30,32|8,10,16
军辉:2,4,8,10,15,16,19,22,23,25,30,32|11,12,13
双人组:5,6,7,9,14,16,21,22,23,24,26,31|3,9,15