隐雨殇:1,2,8,10,12,14,29,32|5
隐雨殇:2,8,9,11,13,26,30,33|6
隐雨殇:1,2,9,10,11,14,20,33|15
潮水:3,6,9,14,15,24,25,26|6,9
精武老师:1,7,11,14,16,21,26,27,28|7
精武老师:2,3,6,7,9,15,18,29|7
精武老师:4,6,10,11,12,20,21,23,25,29|7
江湖:4,7,9,12,15,20,26,28|5,6
江湖:7,9,12,15,20,24,27,28|12,14
岁月无声:1,4,7,14,18,22,27|3
岁月无声:7,12,13,16,20,27,31|4
存在:9,11,14,20,23,24,25,28|9
存在:2,3,4,9,11,14,17,19|5,7
A海澜:6,7,10,12,16,24,31|8,13
A海澜:2,4,9,21,24,26,29|8
cam:6,9,12,15,20,23,29|12
cam:4,11,16,21,22,27,30|13
爱生活:3,9,10,16,21,27,28|10
