双人组:5,8,15,16,17,18,20,24,26,27,29,30|3,7,14
南门城楼:2,3,6,10,12,17,19,20,21,26,28,32|4,11,13
三人小组:3,5,7,17,19,21,22,25,26,27,30,31|7,11,12
彩开彩凤:2,6,12,16,21,23,24,26,29,30,31,32|9,13,16
中彩昭明:1,4,7,11,13,14,16,21,24,26,29,31|3,7,11
东北老李:1,2,3,8,9,11,12,14,15,20,23,26|4,7,14
德胜:4,8,11,13,14,15,18,21,23,27,28,33|2,4,5
aming8889888:4,6,7,9,14,15,18,19,24,26,28,32|7,11,13
擂台探花:7,8,9,13,14,15,19,21,24,25,26,30|2,3,14
古灵精怪:5,6,7,10,11,15,18,19,20,24,27,30|12,13,14
齐天大圣:1,4,10,11,14,15,20,21,22,23,30,32|4,11,14
千年老二:6,9,10,12,14,16,18,19,22,23,25,31|6,7,10
铁树开花:1,4,11,14,16,17,18,20,21,28,29,33|3,6,16
军辉:1,6,7,9,13,16,17,22,24,27,30,33|10,13,14
高手的姐:1,4,9,11,15,16,18,20,23,27,30,33|4,11,12
小财神:1,2,3,6,9,11,13,18,19,20,24,33|7,14,16
15988221845:1,3,5,9,10,11,14,15,20,23,27,31|2,3,7