开平碉楼:1,6,8,10,11,13,14,20,22,24,30,32|3,7,12
小神通:8,9,10,11,12,15,20,21,23,25,31,33|7,12,16
小财神:1,2,3,8,9,10,11,12,15,16,20,24|9,11,14
军辉:1,3,7,9,13,14,19,20,21,23,24,30|9,12,16
南天一注:1,2,6,8,11,16,19,20,25,26,32,33|1,3,7
中彩king:2,4,6,9,13,14,16,21,24,26,29,31|8,10,13
齐天大圣:1,9,10,11,16,20,21,22,23,25,28,30|4,6,14
三人小组:4,6,9,10,14,16,20,22,24,27,29,31|3,7,9
高手的姐:2,4,6,10,13,17,18,21,24,27,31,32|3,11,13
aming8889888:1,3,10,11,15,17,20,21,23,27,31,33|2,6,14
东北老李:1,4,5,6,11,12,13,15,17,19,20,28|9,11,14
双人组:3,4,7,9,10,13,14,22,27,28,29,32|4,6,12
德胜:1,3,10,12,17,21,23,26,28,29,31,32|4,5,8
南门城楼:1,4,6,9,10,12,13,14,15,16,23,24|9,12,16
古灵精怪:4,8,10,13,15,18,19,20,22,25,26,31|9,10,11
小水瓶2018:2,6,7,13,14,15,16,24,27,28,30,33|10,11,16
千年老二:1,3,6,12,14,18,20,22,23,26,29,32|1,7,12