古灵精怪:1,3,4,5,16,17,19,20,21,22,28,33|9,10,11
德胜:9,10,11,12,13,14,15,20,24,25,26,28|2,11,13
中彩昭明:1,3,6,13,16,17,19,20,21,22,27,32|1,4,11
千年老二:4,6,9,10,12,16,19,20,22,25,29,30|3,5,7
小神通:4,5,6,13,14,16,17,19,20,23,25,26|4,7,10
东北老李:1,4,8,11,16,20,21,23,25,27,29,32|1,12,15
三人小组:3,7,9,11,13,15,20,27,29,30,31,33|6,15,16
南门城楼:1,4,6,9,11,14,17,19,22,25,29,32|2,5,15
中彩king:4,6,9,11,13,16,19,21,25,26,29,30|8,10,14
齐天大圣:1,3,5,7,9,11,13,16,17,18,19,26|8,11,14
双人组:1,4,6,10,16,18,19,20,21,26,28,31|1,5,9
军辉:1,2,5,7,15,16,18,21,23,25,26,30|2,13,16
高手的姐:2,3,6,7,13,14,16,19,26,29,30,33|2,4,8
aming8889888:6,9,12,13,14,16,17,18,21,22,25,26|11,12,16
小财神:1,2,3,4,11,12,18,19,20,25,26,32|1,12,15
擂台探花:1,4,7,12,15,16,19,22,24,27,29,31|3,8,11