天衍之数:5,6,8,11,16,17,18,20,24,25,28,32|4,12,13
齐天大圣:1,3,8,16,17,20,21,22,26,27,28,30|10,12,14
福彩状元:4,6,8,9,12,13,15,19,21,25,26,33|4,5,11
开平碉楼:1,9,10,11,12,14,18,19,24,26,28,32|1,12,13
弹指神功:2,4,6,8,9,12,13,19,25,26,30,33|2,4,11
小财神:1,2,3,5,7,9,11,14,16,20,28,32|4,7,15
小神通:1,4,7,9,11,12,13,17,22,26,28,33|3,12,15
三人小组:2,5,8,12,14,17,20,23,26,27,29,30|3,5,7
德胜:1,2,5,7,12,13,16,22,25,26,32,33|2,7,9
辽宁刚哥:6,7,12,13,14,15,18,22,25,27,29,30|6,12,15
双人组:1,5,8,14,17,18,20,24,26,27,30,31|3,5,11
阿拉丁:2,5,6,7,8,13,17,18,23,25,29,30|3,7,16
东北老李:1,2,3,4,11,12,15,16,20,23,28,32|4,7,15
古灵精怪:3,4,5,8,11,12,13,23,24,25,26,32|3,4,5
锅子之锄禾:4,8,10,11,12,15,18,19,21,22,24,29|3,4,12
aming8889888:5,7,12,14,16,18,19,21,24,25,27,28|9,10,11
解码双色球:1,2,8,13,14,18,21,24,26,27,32,33|11,13,14