小财神:1,2,3,4,10,12,18,19,20,25,26,33|1,11,14
东北老李:1,2,3,4,12,15,16,20,21,23,28,31|1,11,14
三人小组:3,4,5,7,17,19,21,23,25,27,29,31|3,6,7
古灵精怪:2,3,4,11,12,14,15,20,25,26,28,30|8,9,10
小水瓶2018:1,10,11,13,16,17,18,25,26,28,29,30|7,8,9
南天一注:2,4,8,10,12,15,20,24,26,28,30,32|1,3,7
中彩king:2,4,6,9,13,14,15,21,25,26,29,31|3,5,7
齐天大圣:3,5,10,11,15,17,19,20,21,22,23,29|3,6,10
双人组:2,8,9,13,16,17,19,20,22,26,30,32|1,5,9
千年老二:1,3,6,12,14,18,20,22,23,26,29,32|1,7,12
小神通:3,4,6,9,12,16,17,22,25,27,28,30|1,7,9
军辉:3,4,6,7,14,15,18,21,25,27,30,32|7,8,9
高手的姐:1,2,7,10,13,17,19,20,26,29,31,32|2,3,6
aming8889888:5,10,13,14,15,18,19,20,25,26,28,29|6,9,16
德胜:2,4,8,11,12,13,14,17,19,21,23,24|2,14,15
南门城楼:4,6,11,13,16,17,18,25,26,27,29,33|3,6,9
开平碉楼:1,3,6,8,10,12,19,21,22,23,25,32|3,7,12

