2019109@2019-09-18 20:30:00@2,7,8,20,25|11,12
2019108@2019-09-16 20:30:00@24,27,28,31,34|4,8
2019107@2019-09-14 20:30:00@5,9,19,27,35|2,3
2019106@2019-09-11 20:30:00@5,8,10,32,35|2,10
2019105@2019-09-09 20:30:00@1,4,9,14,17|1,6
2019104@2019-09-07 20:30:00@2,7,19,22,28|3,5
2019103@2019-09-04 20:30:00@5,12,22,27,32|4,7
2019102@2019-09-02 20:30:00@5,10,15,19,31|3,6
2019101@2019-08-31 20:30:00@5,11,18,19,27|5,6
2019100@2019-08-28 20:30:00@5,8,12,19,21|6,11
2019099@2019-08-26 20:30:00@4,6,18,27,33|7,9
2019098@2019-08-24 20:30:00@13,15,17,19,22|3,4
2019097@2019-08-21 20:30:00@10,17,20,30,35|10,12
2019096@2019-08-19 20:30:00@2,12,22,23,27|2,6
2019095@2019-08-17 20:30:00@3,12,17,19,31|2,6
2019094@2019-08-14 20:30:00@1,12,14,26,27|7,9
2019093@2019-08-12 20:30:00@16,17,26,29,35|1,7
2019092@2019-08-10 20:30:00@2,11,15,27,30|2,5
2019091@2019-08-07 20:30:00@4,13,20,26,28|3,12
2019090@2019-08-05 20:30:00@13,19,28,30,33|2,12
2019089@2019-08-03 20:30:00@9,14,18,33,34|3,12
2019088@2019-07-31 20:30:00@1,5,18,27,33|6,8
2019087@2019-07-29 20:30:00@5,6,18,19,27|7,12
2019086@2019-07-27 20:30:00@5,15,16,28,31|2,7
2019085@2019-07-24 20:30:00@4,5,6,15,26|8,11
2019084@2019-07-22 20:30:00@12,23,25,34,35|1,7
2019083@2019-07-20 20:30:00@17,24,26,28,32|7,9
2019082@2019-07-17 20:30:00@6,18,20,21,31|3,4
2019081@2019-07-15 20:30:00@6,24,26,30,33|2,7
2019080@2019-07-13 20:30:00@5,13,18,19,24|2,7
2019079@2019-07-10 20:30:00@10,13,16,28,35|4,5
2019078@2019-07-08 20:30:00@5,10,21,26,30|1,7
2019077@2019-07-06 20:30:00@1,15,17,21,33|7,10
2019076@2019-07-03 20:30:00@1,6,11,23,29|1,11
2019075@2019-07-01 20:30:00@5,6,7,11,16|2,11
2019074@2019-06-29 20:30:00@8,9,13,14,34|5,7
2019073@2019-06-26 20:30:00@4,11,19,20,24|8,11
2019072@2019-06-24 20:30:00@2,4,6,9,18|7,10
2019071@2019-06-22 20:30:00@7,13,14,15,22|7,11
2019070@2019-06-19 20:30:00@2,13,15,22,34|2,12
2019069@2019-06-17 20:30:00@8,22,23,33,34|4,6
2019068@2019-06-15 20:30:00@4,5,8,17,27|6,11
2019067@2019-06-12 20:30:00@3,8,11,15,16|2,10
2019066@2019-06-10 20:30:00@4,10,11,18,31|5,8
2019065@2019-06-08 20:30:00@3,8,10,23,27|2,12
2019064@2019-06-05 20:30:00@7,8,13,19,29|11,12
2019063@2019-06-03 20:30:00@5,8,15,18,21|4,8
2019062@2019-06-01 20:30:00@5,16,23,25,28|1,12
2019061@2019-05-29 20:30:00@1,2,13,14,26|5,11
2019060@2019-05-27 20:30:00@1,11,12,18,21|8,10
2019059@2019-05-25 20:30:00@7,8,15,27,32|8,12
2019058@2019-05-22 20:30:00@3,10,13,14,32|7,11
2019057@2019-05-20 20:30:00@8,14,16,34,35|6,12
2019056@2019-05-18 20:30:00@1,7,10,12,23|6,8
2019055@2019-05-15 20:30:00@2,4,6,19,22|2,6
2019054@2019-05-13 20:30:00@2,18,23,27,30|5,10
2019053@2019-05-11 20:30:00@1,11,19,26,35|11,12
2019052@2019-05-08 20:30:00@4,10,15,20,24|7,11
2019051@2019-05-06 20:30:00@11,15,16,20,29|4,8
2019050@2019-05-04 20:30:00@4,15,16,20,35|3,12
2019049@2019-05-01 20:30:00@10,16,22,26,27|7,11
2019048@2019-04-29 20:30:00@6,10,16,29,33|5,11
2019047@2019-04-27 20:30:00@3,4,10,16,32|4,9
2019046@2019-04-24 20:30:00@2,8,14,15,35|10,12
2019045@2019-04-22 20:30:00@1,4,16,19,33|3,12
2019044@2019-04-20 20:30:00@3,6,10,12,31|1,2
2019043@2019-04-17 20:30:00@2,6,7,12,15|6,12
2019042@2019-04-15 20:30:00@4,10,13,28,33|11,12
2019041@2019-04-13 20:30:00@12,19,20,22,28|2,6
2019040@2019-04-10 20:30:00@1,3,31,32,34|1,3
2019039@2019-04-08 20:30:00@1,12,18,26,35|6,12
2019038@2019-04-06 20:30:00@5,11,16,18,27|7,12
2019037@2019-04-03 20:30:00@6,16,26,33,35|4,8
2019036@2019-04-01 20:30:00@3,9,21,28,30|1,12
2019035@2019-03-30 20:30:00@1,3,5,7,18|8,9
2019034@2019-03-27 20:30:00@8,12,15,27,30|1,2
2019033@2019-03-25 20:30:00@1,2,4,16,24|7,9
2019032@2019-03-23 20:30:00@1,4,7,11,30|7,8
2019031@2019-03-20 20:30:00@3,8,21,26,33|4,5
2019030@2019-03-18 20:30:00@7,9,13,14,33|2,4
2019029@2019-03-16 20:30:00@1,4,18,24,28|2,3
2019028@2019-03-13 20:30:00@6,22,28,29,33|2,7
2019027@2019-03-11 20:30:00@16,18,24,25,27|2,7
2019026@2019-03-09 20:30:00@10,12,15,17,19|2,3
2019025@2019-03-06 20:30:00@6,13,16,19,29|3,7
2019024@2019-03-04 20:30:00@11,17,19,29,33|8,9
2019023@2019-03-02 20:30:00@1,3,14,26,30|6,11
2019022@2019-02-27 20:30:00@1,4,14,15,21|1,5
2019021@2019-02-25 20:30:00@7,13,17,24,33|1,10
2019020@2019-02-23 20:30:00@1,8,16,27,34|3,12
2019019@2019-02-20 20:30:00@4,11,19,25,32|1,2
2019018@2019-02-18 20:30:00@3,18,19,26,34|6,12
2019017@2019-02-16 20:30:00@1,5,7,22,25|3,4
2019016@2019-02-13 20:30:00@3,5,13,16,28|2,6
2019015@2019-02-11 20:30:00@2,5,10,13,30|4,6
2019014@2019-02-02 20:30:00@12,14,20,28,31|9,11
2019013@2019-01-30 20:30:00@8,10,15,17,18|1,8
2019012@2019-01-28 20:30:00@5,9,17,18,19|7,10
2019011@2019-01-26 20:30:00@4,12,13,16,17|4,9
2019010@2019-01-23 20:30:00@3,7,24,25,27|2,12
2019009@2019-01-21 20:30:00@3,9,15,18,26|6,12
2019008@2019-01-19 20:30:00@3,8,17,20,24|6,11
2019007@2019-01-16 20:30:00@3,12,16,29,32|1,5
2019006@2019-01-14 20:30:00@14,17,19,25,30|4,8
2019005@2019-01-12 20:30:00@21,26,27,29,34|5,6
2019004@2019-01-09 20:30:00@15,16,17,31,32|3,9
2019003@2019-01-07 20:30:00@4,8,18,20,32|10,12
2019002@2019-01-05 20:30:00@2,7,14,22,31|1,7
2019001@2019-01-02 20:30:00@6,18,23,26,28|3,12
2018154@2018-12-31 20:30:00@14,22,23,26,30|3,5
2018153@2018-12-29 20:30:00@3,6,7,8,21|1,8
2018152@2018-12-26 20:30:00@2,4,5,12,28|8,11
2018151@2018-12-24 20:30:00@4,8,18,29,30|3,7
2018150@2018-12-22 20:30:00@5,12,13,31,34|10,12
2018149@2018-12-19 20:30:00@1,7,10,11,20|3,6
2018148@2018-12-17 20:30:00@2,6,24,33,34|2,3
2018147@2018-12-15 20:30:00@1,11,26,33,35|2,10
2018146@2018-12-12 20:30:00@3,8,9,13,33|1,2
2018145@2018-12-10 20:30:00@9,18,29,31,33|6,11
2018144@2018-12-08 20:30:00@6,17,18,24,31|7,11
2018143@2018-12-05 20:30:00@4,7,20,22,33|1,2
2018142@2018-12-03 20:30:00@19,24,28,29,34|10,11
2018141@2018-12-01 20:30:00@3,7,23,26,33|4,9
2018140@2018-11-28 20:30:00@1,6,8,12,15|3,4
2018139@2018-11-26 20:30:00@5,11,16,28,35|6,9
2018138@2018-11-24 20:30:00@1,23,24,28,33|4,5
2018137@2018-11-21 20:30:00@7,10,22,23,33|8,11
2018136@2018-11-19 20:30:00@3,11,12,19,21|5,11
2018135@2018-11-17 20:30:00@14,19,23,27,34|6,12
2018134@2018-11-14 20:30:00@4,5,19,31,35|2,12
2018133@2018-11-12 20:30:00@8,12,14,15,19|1,10
2018132@2018-11-10 20:30:00@3,16,22,23,27|1,4
2018131@2018-11-07 20:30:00@12,14,21,32,33|2,11
2018130@2018-11-05 20:30:00@3,4,16,18,25|1,11
2018129@2018-11-03 20:30:00@4,7,21,22,29|3,6
2018128@2018-10-31 20:30:00@11,12,14,16,26|8,9
2018127@2018-10-29 20:30:00@1,3,4,11,29|8,12
2018126@2018-10-27 20:30:00@11,13,15,21,27|5,6
2018125@2018-10-24 20:30:00@7,16,20,21,34|4,6
2018124@2018-10-22 20:30:00@8,10,12,19,20|10,11
2018123@2018-10-20 20:30:00@6,9,29,32,35|2,4
2018122@2018-10-17 20:30:00@8,9,21,30,31|5,12
2018121@2018-10-15 20:30:00@6,7,21,29,30|1,10
2018120@2018-10-13 20:30:00@21,22,25,27,30|8,9
2018119@2018-10-10 20:30:00@6,9,11,16,35|2,5
2018118@2018-10-08 20:30:00@4,5,14,21,34|6,9
2018117@2018-10-06 20:30:00@7,11,13,22,29|3,8
2018116@2018-10-03 20:30:00@1,14,17,21,33|7,10
2018115@2018-10-01 20:30:00@2,6,13,18,25|1,2
2018114@2018-09-29 20:30:00@12,18,26,28,29|5,6
2018113@2018-09-26 20:30:00@8,12,27,31,33|4,8
2018112@2018-09-24 20:30:00@3,7,8,9,29|9,10
2018111@2018-09-22 20:30:00@3,16,27,28,32|4,5
2018110@2018-09-19 20:30:00@6,19,21,27,28|3,11
2018109@2018-09-17 20:30:00@10,16,23,25,34|2,5
2018108@2018-09-15 20:30:00@9,10,24,31,32|7,12
2018107@2018-09-12 20:30:00@7,8,9,10,22|3,4
2018106@2018-09-10 20:30:00@4,14,17,24,31|1,4
2018105@2018-09-08 20:30:00@1,16,19,20,31|2,7
2018104@2018-09-05 20:30:00@1,13,14,26,28|7,11
2018103@2018-09-03 20:30:00@14,24,26,28,35|2,3
2018102@2018-09-01 20:30:00@6,7,13,22,24|10,12
2018101@2018-08-29 20:30:00@3,14,15,23,29|4,5
2018100@2018-08-27 20:30:00@6,20,21,26,30|6,9
2018099@2018-08-25 20:30:00@12,13,16,20,21|1,7
2018098@2018-08-22 20:30:00@2,15,18,25,27|5,7
2018097@2018-08-20 20:30:00@10,12,14,18,23|1,4
2018096@2018-08-18 20:30:00@13,14,20,28,34|6,10
2018095@2018-08-15 20:30:00@7,14,18,29,35|5,12
2018094@2018-08-13 20:30:00@11,16,25,30,34|8,10
2018093@2018-08-11 20:30:00@3,11,16,18,33|3,11
2018092@2018-08-08 20:30:00@5,7,14,18,19|4,10
2018091@2018-08-06 20:30:00@6,22,26,28,31|1,7
2018090@2018-08-04 20:30:00@6,20,24,33,34|4,11
2018089@2018-08-01 20:30:00@26,27,28,32,34|6,10
2018088@2018-07-30 20:30:00@8,9,21,25,33|1,8
2018087@2018-07-28 20:30:00@3,14,19,23,25|1,4
2018086@2018-07-25 20:30:00@16,22,24,29,31|4,5
2018085@2018-07-23 20:30:00@1,2,14,25,31|5,7
2018084@2018-07-21 20:30:00@6,11,17,22,35|11,12
2018083@2018-07-18 20:30:00@7,12,25,27,28|10,11
2018082@2018-07-16 20:30:00@1,2,14,17,18|8,10
2018081@2018-07-14 20:30:00@2,10,13,21,35|1,12
2018080@2018-07-11 20:30:00@7,16,24,26,31|10,11
2018079@2018-07-09 20:30:00@3,4,10,27,29|1,5
2018078@2018-07-07 20:30:00@7,11,12,22,30|3,6
2018077@2018-07-04 20:30:00@1,6,9,15,26|8,9
2018076@2018-07-02 20:30:00@7,18,28,29,32|6,8
2018075@2018-06-30 20:30:00@1,6,12,20,34|4,12
2018074@2018-06-27 20:30:00@3,9,12,28,30|4,12
2018073@2018-06-25 20:30:00@13,19,24,25,29|2,8
2018072@2018-06-23 20:30:00@5,12,17,24,26|1,2
2018071@2018-06-20 20:30:00@2,5,23,30,31|3,9
2018070@2018-06-18 20:30:00@2,5,10,16,30|4,7
2018069@2018-06-16 20:30:00@1,8,13,21,24|2,11
2018068@2018-06-13 20:30:00@8,12,16,26,33|5,6
2018067@2018-06-11 20:30:00@3,7,12,18,31|7,10
2018066@2018-06-09 20:30:00@1,20,23,32,33|1,4
2018065@2018-06-06 20:30:00@7,10,28,31,32|8,10
2018064@2018-06-04 20:30:00@1,3,4,11,29|2,4
2018063@2018-06-02 20:30:00@5,14,15,32,34|3,10
2018062@2018-05-30 20:30:00@12,14,19,23,35|2,7
2018061@2018-05-28 20:30:00@4,10,12,28,31|8,11
2018060@2018-05-26 20:30:00@4,22,27,29,31|2,10
2018059@2018-05-23 20:30:00@1,9,10,27,35|6,11
2018058@2018-05-21 20:30:00@9,11,12,26,32|4,10
2018057@2018-05-19 20:30:00@13,19,22,27,28|5,6
2018056@2018-05-16 20:30:00@2,4,16,28,34|5,7
2018055@2018-05-14 20:30:00@3,7,20,33,34|9,10
2018054@2018-05-12 20:30:00@9,10,12,20,30|1,7
2018053@2018-05-09 20:30:00@11,16,21,23,25|2,12
2018052@2018-05-07 20:30:00@5,16,18,19,25|2,7
2018051@2018-05-05 20:30:00@9,18,28,29,35|3,11
2018050@2018-05-02 20:30:00@22,24,26,34,35|6,12
2018049@2018-04-30 20:30:00@4,7,9,10,13|6,12
2018048@2018-04-28 20:30:00@2,3,11,20,25|2,7
2018047@2018-04-25 20:30:00@3,8,10,14,20|4,8
2018046@2018-04-23 20:30:00@10,20,22,29,32|5,10
2018045@2018-04-21 20:30:00@2,5,20,30,35|5,9
2018044@2018-04-18 20:30:00@2,4,6,18,21|5,8
2018043@2018-04-16 20:30:00@3,6,13,28,33|4,11
2018042@2018-04-14 20:30:00@3,19,25,29,35|5,9
2018041@2018-04-11 20:30:00@1,23,25,31,33|1,12
2018040@2018-04-09 20:30:00@5,7,18,27,31|1,8
2018039@2018-04-07 20:30:00@2,7,14,29,32|10,11
2018038@2018-04-04 20:30:00@14,23,25,31,32|1,3
2018037@2018-04-02 20:30:00@1,3,27,30,31|2,11
2018036@2018-03-31 20:30:00@11,17,18,21,27|7,8
2018035@2018-03-28 20:30:00@5,7,10,12,24|7,11
2018034@2018-03-26 20:30:00@8,11,22,27,32|3,7
2018033@2018-03-24 20:30:00@2,3,19,23,34|4,9
2018032@2018-03-21 20:30:00@7,10,17,32,35|5,12
2018031@2018-03-19 20:30:00@3,8,13,17,23|5,11
2018030@2018-03-17 20:30:00@5,18,21,28,32|9,11
2018029@2018-03-14 20:30:00@3,9,21,25,29|1,8
2018028@2018-03-12 20:30:00@4,19,25,30,35|4,7
2018027@2018-03-10 20:30:00@1,18,20,21,26|4,11
2018026@2018-03-07 20:30:00@1,2,3,4,30|3,5
2018025@2018-03-05 20:30:00@7,8,9,15,34|7,8
2018024@2018-03-03 20:30:00@2,16,24,30,32|4,7
2018023@2018-02-28 20:30:00@12,13,18,21,29|2,8
2018022@2018-02-26 20:30:00@2,10,19,33,35|5,6
2018021@2018-02-24 20:30:00@5,6,8,9,15|4,11
2018020@2018-02-14 20:30:00@1,10,13,14,21|9,12
2018019@2018-02-12 20:30:00@10,11,19,21,28|5,12
2018018@2018-02-10 20:30:00@6,8,13,24,28|6,12
2018017@2018-02-07 20:30:00@4,19,21,23,31|4,9
2018016@2018-02-05 20:30:00@1,2,12,13,23|9,12
2018015@2018-02-03 20:30:00@4,13,15,18,29|5,11
2018014@2018-01-31 20:30:00@14,16,18,24,31|1,8
2018013@2018-01-29 20:30:00@8,24,31,33,35|7,10
2018012@2018-01-27 20:30:00@3,22,24,29,34|7,11
2018011@2018-01-24 20:30:00@3,13,15,23,26|1,10
2018010@2018-01-22 20:30:00@24,25,26,28,29|4,12
2018009@2018-01-20 20:30:00@10,12,28,30,34|3,4
2018008@2018-01-17 20:30:00@9,15,17,20,22|10,11
2018007@2018-01-15 20:30:00@3,4,28,31,34|4,11
2018006@2018-01-13 20:30:00@19,20,30,32,33|3,5
2018005@2018-01-10 20:30:00@4,9,23,24,30|8,11
2018004@2018-01-08 20:30:00@4,9,22,28,30|1,10
2018003@2018-01-06 20:30:00@4,21,23,24,30|9,10
2018002@2018-01-03 20:30:00@12,20,23,27,34|1,6
2018001@2018-01-01 20:30:00@1,13,22,25,35|3,4
2017153@2017-12-30 20:30:00@1,9,24,26,34|9,12
2017152@2017-12-27 20:30:00@2,4,7,23,28|2,8
2017151@2017-12-25 20:30:00@5,6,23,28,32|4,5
2017150@2017-12-23 20:30:00@3,6,10,13,18|9,11
2017149@2017-12-20 20:30:00@10,18,19,25,26|4,12
2017148@2017-12-18 20:30:00@19,27,31,32,35|11,12
2017147@2017-12-16 20:30:00@5,16,17,25,34|1,11
2017146@2017-12-13 20:30:00@1,5,11,14,35|9,10
2017145@2017-12-11 20:30:00@4,7,17,18,19|3,10
2017144@2017-12-09 20:30:00@3,21,23,29,32|10,11
2017143@2017-12-06 20:30:00@6,9,24,29,32|2,7
2017142@2017-12-04 20:30:00@1,5,16,19,28|2,10
2017141@2017-12-02 20:30:00@2,8,21,22,29|3,5
2017140@2017-11-29 20:30:00@10,16,25,26,29|1,5
2017139@2017-11-27 20:30:00@2,6,19,25,32|9,12
2017138@2017-11-25 20:30:00@4,7,9,20,25|2,11
2017137@2017-11-22 20:30:00@1,20,22,28,29|5,7
2017136@2017-11-20 20:30:00@1,11,20,21,22|3,4
2017135@2017-11-18 20:30:00@1,12,15,19,22|2,4
2017134@2017-11-15 20:30:00@7,18,19,32,34|2,10
2017133@2017-11-13 20:30:00@15,17,19,32,33|1,3
2017132@2017-11-11 20:30:00@11,17,23,26,27|1,10
2017131@2017-11-08 20:30:00@3,5,8,19,34|1,12
2017130@2017-11-06 20:30:00@5,18,28,33,34|3,4
2017129@2017-11-04 20:30:00@5,17,20,32,33|4,9
2017128@2017-11-01 20:30:00@9,11,13,18,33|2,3
2017127@2017-10-30 20:30:00@2,15,18,21,22|3,10
2017126@2017-10-28 20:30:00@3,4,13,24,33|1,11
2017125@2017-10-25 20:30:00@7,11,18,26,28|4,5
2017124@2017-10-23 20:30:00@3,29,30,32,35|3,8
2017123@2017-10-21 20:30:00@3,15,23,26,32|1,12
2017122@2017-10-18 20:30:00@3,12,18,29,34|3,11
2017121@2017-10-16 20:30:00@1,6,12,26,31|1,7
2017120@2017-10-14 20:30:00@8,15,24,26,27|5,6
2017119@2017-10-11 20:30:00@5,7,13,29,35|3,8
2017118@2017-10-09 20:30:00@2,7,16,20,33|3,11
2017117@2017-10-07 20:30:00@5,7,9,24,32|8,10
2017116@2017-10-04 20:30:00@2,27,30,32,33|1,3
2017115@2017-10-02 20:30:00@14,19,20,25,31|6,8
2017114@2017-09-30 20:30:00@6,7,12,18,23|1,12
2017113@2017-09-27 20:30:00@5,8,17,18,23|4,12
2017112@2017-09-25 20:30:00@5,6,20,31,32|6,12
2017111@2017-09-23 20:30:00@2,14,17,26,34|8,12
2017110@2017-09-20 20:30:00@10,14,20,21,35|2,5
2017109@2017-09-18 20:30:00@6,9,19,26,34|5,7
2017108@2017-09-16 20:30:00@1,4,15,21,22|4,9
2017107@2017-09-13 20:30:00@4,10,19,25,27|6,12
2017106@2017-09-11 20:30:00@9,12,18,23,29|2,4
2017105@2017-09-09 20:30:00@4,15,22,24,32|2,9
2017104@2017-09-06 20:30:00@9,11,22,27,30|9,11
2017103@2017-09-04 20:30:00@4,19,20,24,29|3,4
2017102@2017-09-02 20:30:00@1,12,23,24,29|8,12
2017101@2017-08-30 20:30:00@5,15,21,25,29|5,8
2017100@2017-08-28 20:30:00@2,5,18,19,31|1,9
2017099@2017-08-26 20:30:00@8,9,17,18,24|3,7
2017098@2017-08-23 20:30:00@6,9,17,30,35|10,11
2017097@2017-08-21 20:30:00@7,14,19,22,34|7,12
2017096@2017-08-19 20:30:00@3,7,9,17,28|4,12
2017095@2017-08-16 20:30:00@15,32,33,34,35|3,12
2017094@2017-08-14 20:30:00@3,5,8,29,33|4,8
2017093@2017-08-12 20:30:00@5,6,17,21,29|2,4
2017092@2017-08-09 20:30:00@3,7,9,17,34|4,5
2017091@2017-08-07 20:30:00@1,5,7,16,19|3,12
2017090@2017-08-05 20:30:00@3,6,15,22,35|9,11
2017089@2017-08-02 20:30:00@3,5,6,15,18|3,10
2017088@2017-07-31 20:30:00@5,28,31,34,35|8,9
2017087@2017-07-29 20:30:00@3,14,21,29,35|2,6
2017086@2017-07-26 20:30:00@12,15,18,22,31|1,8
2017085@2017-07-24 20:30:00@9,13,14,25,30|2,5
2017084@2017-07-22 20:30:00@6,11,14,21,31|9,12
2017083@2017-07-19 20:30:00@2,5,14,22,34|3,9
2017082@2017-07-17 20:30:00@5,13,20,21,25|8,9
2017081@2017-07-15 20:30:00@2,12,15,20,34|1,6
2017080@2017-07-12 20:30:00@8,10,21,30,31|2,5
2017079@2017-07-10 20:30:00@1,17,19,32,33|2,11
2017078@2017-07-08 20:30:00@4,5,27,31,34|3,6
2017077@2017-07-05 20:30:00@1,3,4,25,31|6,9
2017076@2017-07-03 20:30:00@2,7,25,30,35|7,12
2017075@2017-07-01 20:30:00@5,11,16,18,35|1,6
2017074@2017-06-28 20:30:00@8,10,11,13,17|8,11
2017073@2017-06-26 20:30:00@7,18,28,31,33|1,2
2017072@2017-06-24 20:30:00@1,3,29,32,34|2,5
2017071@2017-06-21 20:30:00@1,4,11,14,33|5,7
2017070@2017-06-19 20:30:00@6,16,18,26,30|2,3
2017069@2017-06-17 20:30:00@10,16,20,23,32|8,11
2017068@2017-06-14 20:30:00@7,8,19,24,27|6,7
2017067@2017-06-12 20:30:00@10,17,18,32,35|10,11
2017066@2017-06-10 20:30:00@11,15,23,26,30|2,11
2017065@2017-06-07 20:30:00@5,11,12,19,28|5,12
2017064@2017-06-05 20:30:00@1,8,20,27,30|3,4
2017063@2017-06-03 20:30:00@18,21,22,24,29|5,11
2017062@2017-05-31 20:30:00@1,4,6,8,28|8,12
2017061@2017-05-29 20:30:00@10,19,23,25,30|2,4
2017060@2017-05-27 20:30:00@9,15,20,26,31|5,12
2017059@2017-05-24 20:30:00@8,11,13,15,17|3,10
2017058@2017-05-22 20:30:00@14,18,20,21,28|3,6
2017057@2017-05-20 20:30:00@12,16,19,23,24|2,5
2017056@2017-05-17 20:30:00@1,4,24,27,32|3,10
2017055@2017-05-15 20:30:00@19,20,22,30,33|3,9
2017054@2017-05-13 20:30:00@16,29,30,32,33|4,5
2017053@2017-05-10 20:30:00@6,19,20,22,26|1,11
2017052@2017-05-08 20:30:00@3,19,24,28,33|4,12
2017051@2017-05-06 20:30:00@14,17,18,22,29|10,11
2017050@2017-05-03 20:30:00@12,14,17,20,28|2,6
2017049@2017-05-01 20:30:00@9,12,14,22,31|5,8
2017048@2017-04-29 20:30:00@7,9,13,15,19|3,10
2017047@2017-04-26 20:30:00@15,19,32,33,34|9,12
2017046@2017-04-24 20:30:00@4,17,20,23,30|2,3
2017045@2017-04-22 20:30:00@1,8,11,21,35|9,12
2017044@2017-04-19 20:30:00@11,16,17,18,25|2,9
2017043@2017-04-17 20:30:00@6,13,22,25,35|9,12
2017042@2017-04-15 20:30:00@2,17,31,33,34|1,7
2017041@2017-04-12 20:30:00@2,4,6,25,31|5,9
2017040@2017-04-10 20:30:00@4,6,10,23,29|9,11
2017039@2017-04-08 20:30:00@5,6,14,17,26|3,8
2017038@2017-04-05 20:30:00@4,5,13,18,27|3,9
2017037@2017-04-03 20:30:00@13,15,16,32,34|6,11
2017036@2017-04-01 20:30:00@1,4,9,18,33|2,5
2017035@2017-03-29 20:30:00@14,17,22,30,33|7,12
2017034@2017-03-27 20:30:00@6,12,21,26,29|2,11
2017033@2017-03-25 20:30:00@15,22,23,25,34|5,11
2017032@2017-03-22 20:30:00@2,13,14,18,29|3,9
2017031@2017-03-20 20:30:00@2,16,17,30,32|2,9
2017030@2017-03-18 20:30:00@21,22,24,29,34|5,6
2017029@2017-03-15 20:30:00@1,6,14,17,29|1,11
2017028@2017-03-13 20:30:00@6,18,22,23,33|9,11
2017027@2017-03-11 20:30:00@8,17,25,33,34|3,11
2017026@2017-03-08 20:30:00@10,14,19,25,32|2,7
2017025@2017-03-06 20:30:00@10,16,19,20,34|4,5
2017024@2017-03-04 20:30:00@21,23,29,32,35|11,12
2017023@2017-03-01 20:30:00@5,8,12,24,34|7,10
2017022@2017-02-27 20:30:00@2,3,9,17,24|6,12
2017021@2017-02-25 20:30:00@1,15,17,20,26|6,8
2017020@2017-02-22 20:30:00@16,21,24,27,28|4,7
2017019@2017-02-20 20:30:00@2,6,14,23,25|2,10
2017018@2017-02-18 20:30:00@6,7,10,17,23|1,9
2017017@2017-02-15 20:30:00@4,19,24,26,29|4,6
2017016@2017-02-13 20:30:00@3,13,28,30,33|9,10
2017015@2017-02-11 20:30:00@1,7,19,27,34|1,2
2017014@2017-02-08 20:30:00@4,8,15,24,25|2,5
2017013@2017-02-06 20:30:00@5,12,17,30,34|11,12
2017012@2017-02-04 20:30:00@4,5,24,26,35|7,12
2017011@2017-01-25 20:30:00@5,15,21,29,34|6,9
2017010@2017-01-23 20:30:00@4,10,13,18,35|1,2
2017009@2017-01-21 20:30:00@5,6,8,12,22|3,4
2017008@2017-01-18 20:30:00@3,4,9,25,32|2,4
2017007@2017-01-16 20:30:00@8,11,17,25,27|2,4
2017006@2017-01-14 20:30:00@4,6,23,32,33|5,6
2017005@2017-01-11 20:30:00@5,9,20,26,35|2,11
2017004@2017-01-09 20:30:00@5,8,11,28,31|6,7
2017003@2017-01-07 20:30:00@3,5,6,13,22|9,12
2017002@2017-01-04 20:30:00@7,12,14,31,34|9,11
2017001@2017-01-02 20:30:00@7,9,20,31,33|8,10
2016154@2016-12-31 20:30:00@6,16,17,21,29|4,6
2016153@2016-12-28 20:30:00@13,18,25,29,35|3,11
2016152@2016-12-26 20:30:00@8,17,22,24,30|5,11
2016151@2016-12-24 20:30:00@4,7,11,14,21|5,12
2016150@2016-12-21 20:30:00@1,10,18,24,29|7,10
2016149@2016-12-19 20:30:00@1,2,3,12,33|4,9
2016148@2016-12-17 20:30:00@5,14,15,23,25|6,8
2016147@2016-12-14 20:30:00@7,19,20,28,30|4,12
2016146@2016-12-12 20:30:00@21,22,25,29,34|1,11
2016145@2016-12-10 20:30:00@1,9,11,17,28|3,8
2016144@2016-12-07 20:30:00@4,5,13,22,31|5,10
2016143@2016-12-05 20:30:00@4,6,22,27,31|6,7
2016142@2016-12-03 20:30:00@1,6,17,23,26|6,12
2016141@2016-11-30 20:30:00@2,6,7,19,28|11,12
2016140@2016-11-28 20:30:00@12,16,23,29,34|4,11
2016139@2016-11-26 20:30:00@13,21,30,31,35|1,8
2016138@2016-11-23 20:30:00@12,13,16,29,35|5,11
2016137@2016-11-21 20:30:00@7,20,23,29,34|2,10
2016136@2016-11-19 20:30:00@5,6,7,19,23|4,11
2016135@2016-11-16 20:30:00@1,10,12,18,35|1,12
2016134@2016-11-14 20:30:00@1,3,31,32,34|2,7
2016133@2016-11-12 20:30:00@1,4,5,23,28|5,9
2016132@2016-11-09 20:30:00@4,18,19,22,35|1,2
2016131@2016-11-07 20:30:00@6,13,25,28,30|2,7
2016130@2016-11-05 20:30:00@11,23,32,33,34|1,12
2016129@2016-11-02 20:30:00@7,8,19,30,35|8,9
2016128@2016-10-31 20:30:00@17,20,22,30,33|7,8
2016127@2016-10-29 20:30:00@1,5,15,24,26|9,10
2016126@2016-10-26 20:30:00@11,13,16,19,24|6,8
2016125@2016-10-24 20:30:00@6,7,8,28,30|1,2
2016124@2016-10-22 20:30:00@4,13,24,26,29|8,11
2016123@2016-10-19 20:30:00@4,5,13,20,32|1,10
2016122@2016-10-17 20:30:00@1,3,12,14,29|2,6
2016121@2016-10-15 20:30:00@4,5,8,15,20|1,6
2016120@2016-10-12 20:30:00@3,10,20,32,34|4,7
2016119@2016-10-10 20:30:00@2,3,9,21,22|5,10
2016118@2016-10-08 20:30:00@12,15,18,24,29|3,11
2016117@2016-10-05 20:30:00@3,9,14,16,23|2,9
2016116@2016-10-03 20:30:00@4,6,8,19,34|10,12
2016115@2016-10-01 20:30:00@1,4,15,31,34|2,11
2016114@2016-09-28 20:30:00@16,17,20,32,33|3,7
2016113@2016-09-26 20:30:00@10,11,17,30,34|3,12
2016112@2016-09-24 20:30:00@7,22,23,31,32|4,5
2016111@2016-09-21 20:30:00@4,9,22,26,27|2,12
2016110@2016-09-19 20:30:00@7,20,21,23,30|7,10
2016109@2016-09-17 20:30:00@3,25,28,31,34|11,12
2016108@2016-09-14 20:30:00@10,17,22,23,25|7,9
2016107@2016-09-12 20:30:00@2,6,19,24,26|4,6
2016106@2016-09-10 20:30:00@3,21,30,33,35|1,4
2016105@2016-09-07 20:30:00@8,11,31,34,35|1,2
2016104@2016-09-05 20:30:00@1,20,22,23,30|6,7
2016103@2016-09-03 20:30:00@5,14,20,23,29|3,11
2016102@2016-08-31 20:30:00@3,5,6,34,35|3,12
2016101@2016-08-29 20:30:00@4,6,28,33,35|7,12
2016100@2016-08-27 20:30:00@8,12,19,26,30|2,12
2016099@2016-08-24 20:30:00@3,4,12,14,27|1,5
2016098@2016-08-22 20:30:00@8,9,11,20,29|4,5
2016097@2016-08-20 20:30:00@6,8,18,31,33|10,12
2016096@2016-08-17 20:30:00@1,6,8,12,21|5,10
2016095@2016-08-15 20:30:00@8,12,18,19,21|3,6
2016094@2016-08-13 20:30:00@1,14,16,17,18|5,7
2016093@2016-08-10 20:30:00@1,8,14,30,35|6,7
2016092@2016-08-08 20:30:00@2,13,31,33,34|7,11
2016091@2016-08-06 20:30:00@8,13,17,21,22|2,8
2016090@2016-08-03 20:30:00@4,6,8,28,32|7,12
2016089@2016-08-01 20:30:00@7,14,17,28,34|7,10
2016088@2016-07-30 20:30:00@4,6,17,21,30|6,11
2016087@2016-07-27 20:30:00@3,16,17,23,25|7,9
2016086@2016-07-25 20:30:00@3,5,22,25,30|7,9
2016085@2016-07-23 20:30:00@14,15,27,31,32|1,7
2016084@2016-07-20 20:30:00@8,12,15,26,35|1,8
2016083@2016-07-18 20:30:00@1,5,9,33,35|1,5
2016082@2016-07-16 20:30:00@3,8,23,28,29|2,7
2016081@2016-07-13 20:30:00@6,7,18,21,33|3,8
2016080@2016-07-11 20:30:00@15,20,29,30,33|7,12
2016079@2016-07-09 20:30:00@7,14,15,20,27|5,10
2016078@2016-07-06 20:30:00@7,18,29,31,35|5,11
2016077@2016-07-04 20:30:00@9,11,14,16,35|2,5
2016076@2016-07-02 20:30:00@3,8,10,17,31|5,6
2016075@2016-06-29 20:30:00@3,7,17,22,31|8,12
2016074@2016-06-27 20:30:00@1,5,7,11,14|3,8
2016073@2016-06-25 20:30:00@7,14,17,24,27|8,10
2016072@2016-06-22 20:30:00@16,20,24,26,31|4,9
2016071@2016-06-20 20:30:00@8,15,19,20,33|7,12
2016070@2016-06-18 20:30:00@2,9,13,19,23|5,7
2016069@2016-06-15 20:30:00@14,17,19,23,30|2,9
2016068@2016-06-13 20:30:00@5,7,22,26,34|7,12
2016067@2016-06-11 20:30:00@2,8,11,13,19|2,8
2016066@2016-06-08 20:30:00@10,28,29,31,33|5,11
2016065@2016-06-06 20:30:00@1,9,18,22,24|11,12
2016064@2016-06-04 20:30:00@1,2,10,18,35|5,11
2016063@2016-06-01 20:30:00@8,12,22,27,35|5,9
2016062@2016-05-30 20:30:00@2,10,14,15,35|1,9
2016061@2016-05-28 20:30:00@9,15,17,21,23|7,12
2016060@2016-05-25 20:30:00@2,6,22,27,34|8,11
2016059@2016-05-23 20:30:00@2,10,27,28,33|5,7
2016058@2016-05-21 20:30:00@2,15,17,23,28|5,9
2016057@2016-05-18 20:30:00@8,17,19,23,30|3,8
2016056@2016-05-16 20:30:00@10,12,14,31,35|4,5
2016055@2016-05-14 20:30:00@6,21,27,30,34|4,9
2016054@2016-05-11 20:30:00@2,5,9,21,30|6,7
2016053@2016-05-09 20:30:00@4,13,15,30,35|3,5
2016052@2016-05-07 20:30:00@8,14,19,20,33|10,11
2016051@2016-05-04 20:30:00@16,21,23,24,32|7,8
2016050@2016-05-02 20:30:00@7,17,21,29,35|4,5
2016049@2016-04-30 20:30:00@3,4,5,27,33|4,9
2016048@2016-04-27 20:30:00@4,12,17,25,27|4,10
2016047@2016-04-25 20:30:00@2,3,23,29,32|5,9
2016046@2016-04-23 20:30:00@3,19,22,32,34|8,12
2016045@2016-04-20 20:30:00@7,11,25,30,33|2,8
2016044@2016-04-18 20:30:00@1,6,10,20,31|5,11
2016043@2016-04-16 20:30:00@1,9,16,33,34|9,12
2016042@2016-04-13 20:30:00@2,6,8,19,24|1,6
2016041@2016-04-11 20:30:00@12,23,24,27,34|3,6
2016040@2016-04-09 20:30:00@20,22,29,30,35|1,6
2016039@2016-04-06 20:30:00@1,8,16,22,28|4,5
2016038@2016-04-04 20:30:00@3,7,9,15,33|5,12
2016037@2016-04-02 20:30:00@3,5,13,24,34|3,5
2016036@2016-03-30 20:30:00@7,15,26,30,31|3,6
2016035@2016-03-28 20:30:00@17,22,24,25,29|9,12
2016034@2016-03-26 20:30:00@14,18,31,32,35|9,10
2016033@2016-03-23 20:30:00@3,14,15,31,35|9,10
2016032@2016-03-21 20:30:00@5,9,14,20,33|5,12
2016031@2016-03-19 20:30:00@3,14,24,27,29|4,11
2016030@2016-03-16 20:30:00@10,19,21,29,33|4,6
2016029@2016-03-14 20:30:00@20,26,27,29,32|5,12
2016028@2016-03-12 20:30:00@13,18,20,23,31|3,6
2016027@2016-03-09 20:30:00@6,11,13,15,28|2,6
2016026@2016-03-07 20:30:00@2,6,29,30,34|1,7
2016025@2016-03-05 20:30:00@3,6,13,23,24|7,10
2016024@2016-03-02 20:30:00@1,2,11,15,18|4,8
2016023@2016-02-29 20:30:00@4,9,14,25,27|6,11
2016022@2016-02-27 20:30:00@4,18,21,30,35|2,11
2016021@2016-02-24 20:30:00@1,4,9,10,35|9,11
2016020@2016-02-22 20:30:00@1,16,22,29,30|2,9
2016019@2016-02-20 20:30:00@4,11,15,20,26|8,9
2016018@2016-02-17 20:30:00@5,10,13,27,33|8,11
2016017@2016-02-15 20:30:00@11,18,24,28,29|5,10
2016016@2016-02-06 20:30:00@3,10,22,29,32|2,5
2016015@2016-02-03 20:30:00@1,4,10,13,30|3,9
2016014@2016-02-01 20:30:00@6,8,21,24,27|2,10
2016013@2016-01-30 20:30:00@3,21,23,31,35|2,11
2016012@2016-01-27 20:30:00@5,7,11,23,28|3,12
2016011@2016-01-25 20:30:00@2,8,10,15,23|5,10
2016010@2016-01-23 20:30:00@12,13,15,16,28|2,5
2016009@2016-01-20 20:30:00@5,8,10,17,20|2,12
2016008@2016-01-18 20:30:00@5,12,31,34,35|4,5
2016007@2016-01-16 20:30:00@2,5,14,32,35|1,3
2016006@2016-01-13 20:30:00@14,16,17,22,24|2,9
2016005@2016-01-11 20:30:00@6,9,12,15,20|8,11
2016004@2016-01-09 20:30:00@10,20,23,32,35|9,10
2016003@2016-01-06 20:30:00@4,12,17,22,26|6,7
2016002@2016-01-04 20:30:00@7,12,18,25,35|7,9
2016001@2016-01-02 20:30:00@1,7,19,20,30|5,10
2015153@2015-12-30 20:30:00@1,7,22,27,33|2,11
2015152@2015-12-28 20:30:00@4,5,22,29,35|2,11
2015151@2015-12-26 20:30:00@15,16,18,30,35|1,7
2015150@2015-12-23 20:30:00@4,13,18,25,33|3,7
2015149@2015-12-21 20:30:00@4,6,10,12,28|2,8
2015148@2015-12-19 20:30:00@8,11,27,31,33|8,9
2015147@2015-12-16 20:30:00@1,2,13,18,19|8,10
2015146@2015-12-14 20:30:00@4,15,19,27,31|4,11
2015145@2015-12-12 20:30:00@6,7,20,29,32|11,12
2015144@2015-12-09 20:30:00@1,9,24,26,29|6,11
2015143@2015-12-07 20:30:00@9,20,31,33,35|10,11
2015142@2015-12-05 20:30:00@12,14,22,26,30|3,6
2015141@2015-12-02 20:30:00@2,4,15,19,31|2,3
2015140@2015-11-30 20:30:00@1,11,15,26,35|6,11
2015139@2015-11-28 20:30:00@2,3,5,25,32|5,7
2015138@2015-11-25 20:30:00@1,16,20,29,32|4,7
2015137@2015-11-23 20:30:00@14,17,21,23,26|8,11
2015136@2015-11-21 20:30:00@5,20,23,29,32|2,10
2015135@2015-11-18 20:30:00@5,16,20,25,29|6,8
2015134@2015-11-16 20:30:00@1,2,6,15,35|4,7
2015133@2015-11-14 20:30:00@3,7,8,25,30|4,8
2015132@2015-11-11 20:30:00@3,8,14,18,27|1,5
2015131@2015-11-09 20:30:00@11,17,19,20,27|2,3
2015130@2015-11-07 20:30:00@17,25,31,32,34|2,12
2015129@2015-11-04 20:30:00@1,6,23,25,29|3,9
2015128@2015-11-02 20:30:00@10,12,23,30,32|3,4
2015127@2015-10-31 20:30:00@9,11,14,19,30|3,8
2015126@2015-10-28 20:30:00@4,5,8,9,21|3,6
2015125@2015-10-26 20:30:00@2,3,15,17,28|8,10
2015124@2015-10-24 20:30:00@4,6,12,31,32|3,6
2015123@2015-10-21 20:30:00@4,15,27,29,30|2,10
2015122@2015-10-19 20:30:00@11,13,15,26,35|6,11
2015121@2015-10-17 20:30:00@2,4,17,27,28|4,6
2015120@2015-10-14 20:30:00@1,9,15,24,32|5,10
2015119@2015-10-12 20:30:00@1,8,12,16,21|6,11
2015118@2015-10-10 20:30:00@3,7,20,24,31|4,9
2015117@2015-10-07 20:30:00@6,17,20,30,33|10,11
2015116@2015-10-05 20:30:00@7,10,19,24,33|3,7
2015115@2015-10-03 20:30:00@8,12,13,14,16|3,9
2015114@2015-09-30 20:30:00@9,18,24,31,34|2,10
2015113@2015-09-28 20:30:00@1,14,21,29,33|2,10
2015112@2015-09-26 20:30:00@4,5,15,19,28|4,11
2015111@2015-09-23 20:30:00@7,8,16,24,28|3,10
2015110@2015-09-21 20:30:00@2,7,10,22,30|7,11
2015109@2015-09-19 20:30:00@1,6,11,22,31|3,12
2015108@2015-09-16 20:30:00@1,13,16,26,31|7,12
2015107@2015-09-14 20:30:00@3,23,25,28,29|6,7
2015106@2015-09-12 20:30:00@2,11,13,22,30|2,3
2015105@2015-09-09 20:30:00@8,9,15,21,27|5,9
2015104@2015-09-07 20:30:00@16,19,25,30,34|4,9
2015103@2015-09-05 20:30:00@7,9,15,25,34|4,10
2015102@2015-09-02 20:30:00@11,14,15,33,34|3,12
2015101@2015-08-31 20:30:00@6,12,17,18,32|7,12
2015100@2015-08-29 20:30:00@9,15,18,23,32|5,7
2015099@2015-08-26 20:30:00@9,12,14,22,25|5,10
2015098@2015-08-24 20:30:00@9,14,21,27,33|6,9
2015097@2015-08-22 20:30:00@4,16,17,26,27|1,4
2015096@2015-08-19 20:30:00@3,9,12,18,21|2,6
2015095@2015-08-17 20:30:00@8,14,26,34,35|5,10
2015094@2015-08-15 20:30:00@2,3,10,11,29|3,7
2015093@2015-08-12 20:30:00@16,17,25,26,27|2,4
2015092@2015-08-10 20:30:00@2,14,21,27,34|5,8
2015091@2015-08-08 20:30:00@2,7,28,29,30|3,7
2015090@2015-08-05 20:30:00@6,9,11,17,21|6,8
2015089@2015-08-03 20:30:00@5,12,18,20,27|10,12
2015088@2015-08-01 20:30:00@5,15,28,31,34|11,12
2015087@2015-07-29 20:30:00@2,5,15,17,22|1,11
2015086@2015-07-27 20:30:00@5,9,11,15,32|4,9
2015085@2015-07-25 20:30:00@2,3,4,6,16|3,12
2015084@2015-07-22 20:30:00@10,20,21,32,34|6,7
2015083@2015-07-20 20:30:00@14,16,19,25,29|10,12
2015082@2015-07-18 20:30:00@8,15,28,31,33|3,6
2015081@2015-07-15 20:30:00@3,4,10,13,17|5,9
2015080@2015-07-13 20:30:00@14,20,29,30,32|3,8
2015079@2015-07-11 20:30:00@1,9,17,23,24|4,5
2015078@2015-07-08 20:30:00@19,24,26,28,33|1,2
2015077@2015-07-06 20:30:00@1,16,17,22,28|2,9
2015076@2015-07-04 20:30:00@3,19,21,31,34|5,12
2015075@2015-07-01 20:30:00@13,14,26,27,33|10,12
2015074@2015-06-29 20:30:00@1,12,21,27,33|4,9
2015073@2015-06-27 20:30:00@9,26,27,30,34|1,6
2015072@2015-06-24 20:30:00@19,20,21,31,33|9,10
2015071@2015-06-22 20:30:00@4,6,13,16,34|4,10
2015070@2015-06-20 20:30:00@3,9,12,17,18|4,12
2015069@2015-06-17 20:30:00@2,9,11,22,25|1,7
2015068@2015-06-15 20:30:00@2,3,20,31,35|4,8
2015067@2015-06-13 20:30:00@4,10,18,24,27|4,11
2015066@2015-06-10 20:30:00@1,3,7,13,29|2,10
2015065@2015-06-08 20:30:00@4,5,7,13,35|8,11
2015064@2015-06-06 20:30:00@2,8,20,28,31|7,10
2015063@2015-06-03 20:30:00@1,4,6,34,35|2,4
2015062@2015-06-01 20:30:00@6,7,13,14,15|1,4
2015061@2015-05-30 20:30:00@6,7,8,16,22|2,10
2015060@2015-05-27 20:30:00@16,24,25,26,33|4,11
2015059@2015-05-25 20:30:00@7,9,19,23,32|1,3
2015058@2015-05-23 20:30:00@10,14,20,27,30|7,12
2015057@2015-05-20 20:30:00@1,5,7,14,26|4,6
2015056@2015-05-18 20:30:00@6,12,19,26,35|3,10
2015055@2015-05-16 20:30:00@6,11,14,20,30|5,10
2015054@2015-05-13 20:30:00@2,9,15,24,34|3,9
2015053@2015-05-11 20:30:00@8,25,28,29,32|4,7
2015052@2015-05-09 20:30:00@13,19,24,27,29|7,8
2015051@2015-05-06 20:30:00@1,2,11,16,21|1,5
2015050@2015-05-04 20:30:00@6,7,10,20,28|2,7
2015049@2015-05-02 20:30:00@8,9,11,15,22|8,10
2015048@2015-04-29 20:30:00@10,11,22,24,33|2,9
2015047@2015-04-27 20:30:00@1,2,17,23,31|5,12
2015046@2015-04-25 20:30:00@5,7,10,22,26|4,10
2015045@2015-04-22 20:30:00@8,9,22,29,30|8,12
2015044@2015-04-20 20:30:00@16,18,27,31,33|1,3
2015043@2015-04-18 20:30:00@2,20,22,25,29|2,7
2015042@2015-04-15 20:30:00@3,7,12,17,24|2,11
2015041@2015-04-13 20:30:00@1,11,21,23,28|1,10
2015040@2015-04-11 20:30:00@2,9,10,23,35|9,12
2015039@2015-04-08 20:30:00@3,6,7,16,25|1,6
2015038@2015-04-06 20:30:00@12,19,22,31,35|7,8
2015037@2015-04-04 20:30:00@10,16,21,28,31|7,8
2015036@2015-04-01 20:30:00@14,18,20,23,24|4,8
2015035@2015-03-30 20:30:00@22,24,29,30,35|1,10
2015034@2015-03-28 20:30:00@4,8,15,18,26|5,9
2015033@2015-03-25 20:30:00@3,17,22,26,28|3,7
2015032@2015-03-23 20:30:00@6,21,25,27,30|7,11
2015031@2015-03-21 20:30:00@7,21,29,32,33|4,12
2015030@2015-03-18 20:30:00@9,18,19,26,31|2,5
2015029@2015-03-16 20:30:00@7,10,19,30,35|3,5
2015028@2015-03-14 20:30:00@3,9,28,32,33|9,10
2015027@2015-03-11 20:30:00@5,21,22,25,28|3,10
2015026@2015-03-09 20:30:00@11,13,14,15,22|2,8
2015025@2015-03-07 20:30:00@7,10,20,22,27|10,11
2015024@2015-03-04 20:30:00@2,6,8,16,34|3,4
2015023@2015-03-02 20:30:00@6,9,11,12,22|3,11
2015022@2015-02-28 20:30:00@9,11,14,15,26|11,12
2015021@2015-02-25 20:30:00@22,23,24,26,31|5,6
2015020@2015-02-16 20:30:00@11,26,28,29,32|1,4
2015019@2015-02-14 20:30:00@2,8,16,22,24|1,3
2015018@2015-02-11 20:30:00@4,7,10,23,31|3,7
2015017@2015-02-09 20:30:00@7,13,16,17,29|1,7
2015016@2015-02-07 20:30:00@6,7,16,20,34|9,11
2015015@2015-02-04 20:30:00@1,5,13,17,32|4,11
2015014@2015-02-02 20:30:00@8,16,25,29,35|3,10
2015013@2015-01-31 20:30:00@11,15,25,28,35|7,10
2015012@2015-01-28 20:30:00@3,4,6,11,31|5,9
2015011@2015-01-26 20:30:00@4,13,22,25,30|1,6
2015010@2015-01-24 20:30:00@2,6,17,30,35|2,7
2015009@2015-01-21 20:30:00@17,22,26,27,33|6,10
2015008@2015-01-19 20:30:00@7,10,11,15,17|3,10
2015007@2015-01-17 20:30:00@2,7,8,14,31|4,8
2015006@2015-01-14 20:30:00@6,8,30,32,33|3,7
2015005@2015-01-12 20:30:00@11,14,15,18,19|7,8
2015004@2015-01-10 20:30:00@3,12,14,18,28|5,6
2015003@2015-01-07 20:30:00@12,19,27,28,34|1,12
2015002@2015-01-05 20:30:00@3,14,20,26,32|6,10
2015001@2015-01-03 20:30:00@8,9,19,27,30|6,7
2014154@2014-12-31 20:30:00@5,12,17,23,28|2,9
2014153@2014-12-29 20:30:00@1,8,13,24,32|5,10
2014152@2014-12-27 20:30:00@5,12,18,24,33|1,5
2014151@2014-12-24 20:30:00@3,8,26,31,32|8,12
2014150@2014-12-22 20:30:00@19,21,30,33,35|5,7
2014149@2014-12-20 20:30:00@2,13,19,26,35|1,5
2014148@2014-12-17 20:30:00@3,9,10,11,20|7,9
2014147@2014-12-15 20:30:00@5,9,14,26,34|2,9
2014146@2014-12-13 20:30:00@2,16,23,24,28|10,11
2014145@2014-12-10 20:30:00@15,19,22,24,26|10,11
2014144@2014-12-08 20:30:00@1,21,24,25,35|4,11
2014143@2014-12-06 20:30:00@1,11,14,18,25|6,10
2014142@2014-12-03 20:30:00@18,21,25,28,30|4,6
2014141@2014-12-01 20:30:00@4,17,20,26,29|5,8
2014140@2014-11-29 20:30:00@1,19,20,25,34|7,12
2014139@2014-11-26 20:30:00@3,5,7,15,34|1,10
2014138@2014-11-24 20:30:00@1,7,29,32,34|9,12
2014137@2014-11-22 20:30:00@2,11,16,22,34|2,5
2014136@2014-11-19 20:30:00@4,18,20,34,35|7,11
2014135@2014-11-17 20:30:00@20,26,28,30,35|9,12
2014134@2014-11-15 20:30:00@2,5,7,11,32|9,12
2014133@2014-11-12 20:30:00@2,8,12,14,18|4,12
2014132@2014-11-10 20:30:00@1,3,4,19,32|1,7
2014131@2014-11-08 20:30:00@3,16,19,23,27|3,7
2014130@2014-11-05 20:30:00@2,18,31,32,33|5,7
2014129@2014-11-03 20:30:00@7,22,28,30,32|5,6
2014128@2014-11-01 20:30:00@2,4,16,22,34|8,11
2014127@2014-10-29 20:30:00@2,4,6,15,19|2,11
2014126@2014-10-27 20:30:00@2,9,22,30,34|9,10
2014125@2014-10-25 20:30:00@12,15,19,23,31|4,10
2014124@2014-10-22 20:30:00@1,3,28,29,35|8,12
2014123@2014-10-20 20:30:00@1,9,12,22,25|2,9
2014122@2014-10-18 20:30:00@3,10,25,26,35|1,7
2014121@2014-10-15 20:30:00@13,16,18,22,32|8,10
2014120@2014-10-13 20:30:00@1,4,6,18,33|5,11
2014119@2014-10-11 20:30:00@4,8,9,13,18|8,12
2014118@2014-10-08 20:30:00@2,3,23,24,26|5,11
2014117@2014-10-06 20:30:00@3,14,17,18,33|6,9
2014116@2014-10-04 20:30:00@6,13,15,24,27|4,5
2014115@2014-10-01 20:30:00@1,5,26,29,30|2,10
2014114@2014-09-29 20:30:00@3,16,24,30,33|5,8
2014113@2014-09-27 20:30:00@2,13,17,19,23|1,6
2014112@2014-09-24 20:30:00@3,5,14,18,32|2,10
2014111@2014-09-22 20:30:00@11,16,18,20,29|3,4
2014110@2014-09-20 20:30:00@9,18,19,22,24|8,11
2014109@2014-09-17 20:30:00@15,18,20,21,23|1,2
2014108@2014-09-15 20:30:00@1,2,13,23,35|9,12
2014107@2014-09-13 20:30:00@5,13,14,21,34|8,10
2014106@2014-09-10 20:30:00@5,9,11,20,22|5,11
2014105@2014-09-08 20:30:00@4,10,26,29,32|4,8
2014104@2014-09-06 20:30:00@7,13,14,28,32|4,11
2014103@2014-09-03 20:30:00@14,20,23,25,26|10,12
2014102@2014-09-01 20:30:00@1,7,14,19,20|3,12
2014101@2014-08-30 20:30:00@9,10,12,17,28|3,11
2014100@2014-08-27 20:30:00@2,4,8,12,35|1,7
2014099@2014-08-25 20:30:00@15,21,22,23,33|1,7
2014098@2014-08-23 20:30:00@16,18,22,25,35|3,10
2014097@2014-08-20 20:30:00@3,15,20,21,23|7,9
2014096@2014-08-18 20:30:00@3,7,21,23,31|5,10
2014095@2014-08-16 20:30:00@6,22,30,31,34|5,6
2014094@2014-08-13 20:30:00@13,14,24,25,34|4,7
2014093@2014-08-11 20:30:00@3,8,30,32,34|9,11
2014092@2014-08-09 20:30:00@2,18,27,30,32|5,11
2014091@2014-08-06 20:30:00@10,16,18,29,32|2,7
2014090@2014-08-04 20:30:00@2,3,20,23,28|6,8
2014089@2014-08-02 20:30:00@2,8,12,29,30|7,12
2014088@2014-07-30 20:30:00@7,13,20,25,26|8,11
2014087@2014-07-28 20:30:00@4,7,31,33,35|9,10
2014086@2014-07-26 20:30:00@6,8,27,29,35|3,9
2014085@2014-07-23 20:30:00@6,12,13,25,29|11,12
2014084@2014-07-21 20:30:00@2,7,9,11,28|5,9
2014083@2014-07-19 20:30:00@18,20,24,33,35|5,10
2014082@2014-07-16 20:30:00@1,8,18,23,25|8,12
2014081@2014-07-14 20:30:00@3,5,8,10,25|9,12
2014080@2014-07-12 20:30:00@17,20,23,25,27|3,10
2014079@2014-07-09 20:30:00@9,10,20,31,32|6,10
2014078@2014-07-07 20:30:00@10,15,16,22,28|4,5
2014077@2014-07-05 20:30:00@9,16,26,31,32|1,5
2014076@2014-07-02 20:30:00@5,10,19,31,32|9,10
2014075@2014-06-30 20:30:00@5,7,29,32,35|4,10
2014074@2014-06-28 20:30:00@6,11,22,27,30|5,11
2014073@2014-06-25 20:30:00@4,5,7,13,35|5,6
2014072@2014-06-23 20:30:00@17,19,22,24,30|2,9
2014071@2014-06-21 20:30:00@4,14,15,22,23|1,7
2014070@2014-06-18 20:30:00@1,2,7,10,32|4,12
2014069@2014-06-16 20:30:00@16,22,27,29,31|2,9
2014068@2014-06-14 20:30:00@5,15,24,29,35|5,6
2014067@2014-06-11 20:30:00@3,18,23,24,31|3,7
2014066@2014-06-09 20:30:00@8,14,16,20,31|3,11
2014065@2014-06-07 20:30:00@7,12,19,31,33|7,12
2014064@2014-06-04 20:30:00@8,15,33,34,35|1,8
2014063@2014-06-02 20:30:00@11,17,21,23,34|3,4
2014062@2014-05-31 20:30:00@4,7,17,24,25|2,4
2014061@2014-05-28 20:30:00@4,11,17,20,29|6,10
2014060@2014-05-26 20:30:00@12,22,29,30,34|5,11
2014059@2014-05-24 20:30:00@7,15,17,25,29|4,11
2014058@2014-05-21 20:30:00@9,15,22,24,26|2,7
2014057@2014-05-19 20:30:00@8,10,20,27,33|1,9
2014056@2014-05-17 20:30:00@12,18,28,29,35|7,8
2014055@2014-05-14 20:30:00@4,23,26,27,35|10,11
2014054@2014-05-12 20:30:00@2,3,20,25,34|1,12
2014053@2014-05-10 20:30:00@2,11,17,27,30|3,4
2014052@2014-05-07 20:30:00@14,19,21,24,30|2,7
2014051@2014-05-05 20:30:00@1,7,11,29,30|3,11
2014050@2014-05-03 20:30:00@10,18,27,28,35|1,6
2014049@2014-04-30 20:30:00@3,15,17,22,31|3,5
2014048@2014-04-28 20:30:00@1,2,5,15,35|1,11
2014047@2014-04-26 20:30:00@6,17,18,30,34|6,12
2014046@2014-04-23 20:30:00@3,15,18,21,26|1,6
2014045@2014-04-21 20:30:00@6,10,12,16,30|2,11
2014044@2014-04-19 20:30:00@22,23,25,27,35|3,11
2014043@2014-04-16 20:30:00@1,11,23,29,30|1,12
2014042@2014-04-14 20:30:00@16,21,25,27,35|6,11
2014041@2014-04-12 20:30:00@5,7,11,15,18|5,12
2014040@2014-04-09 20:30:00@12,15,21,30,33|2,8
2014039@2014-04-07 20:30:00@2,5,11,15,20|8,11
2014038@2014-04-05 20:30:00@7,8,12,20,32|3,5
2014037@2014-04-02 20:30:00@3,4,8,19,34|2,4
2014036@2014-03-31 20:30:00@1,2,12,17,29|3,8
2014035@2014-03-29 20:30:00@9,12,14,28,29|3,10
2014034@2014-03-26 20:30:00@3,11,14,27,32|5,7
2014033@2014-03-24 20:30:00@1,7,8,28,29|4,8
2014032@2014-03-22 20:30:00@2,5,6,9,31|2,9
2014031@2014-03-19 20:30:00@6,15,27,32,33|3,4
2014030@2014-03-17 20:30:00@3,14,18,29,35|11,12
2014029@2014-03-15 20:30:00@3,21,22,23,35|5,9
2014028@2014-03-12 20:30:00@3,10,20,25,30|10,12
2014027@2014-03-10 20:30:00@9,10,24,28,29|10,12
2014026@2014-03-08 20:30:00@5,10,12,15,26|4,8
2014025@2014-03-05 20:30:00@19,20,27,32,34|6,8
2014024@2014-03-03 20:30:00@7,11,15,31,32|6,11
2014023@2014-03-01 20:30:00@4,13,15,29,33|5,9
2014022@2014-02-26 20:30:00@3,6,10,16,25|10,11
2014021@2014-02-24 20:30:00@6,10,17,23,24|3,9
2014020@2014-02-22 20:30:00@1,14,17,30,35|6,7
2014019@2014-02-19 20:30:00@7,12,22,29,32|11,12
2014018@2014-02-17 20:30:00@8,9,12,28,34|2,12
2014017@2014-02-15 20:30:00@5,10,11,23,34|1,10
2014016@2014-02-12 20:30:00@4,6,13,24,34|4,9
2014015@2014-02-10 20:30:00@4,6,18,20,30|5,7
2014014@2014-02-08 20:30:00@1,9,11,27,29|3,11
2014013@2014-01-29 20:30:00@10,11,13,22,28|4,12
2014012@2014-01-27 20:30:00@9,20,21,23,29|5,7
2014011@2014-01-25 20:30:00@4,6,14,24,35|7,12
2014010@2014-01-22 20:30:00@5,10,20,26,27|1,3
2014009@2014-01-20 20:30:00@10,18,25,29,33|7,8
2014008@2014-01-18 20:30:00@11,13,20,28,35|1,5
2014007@2014-01-15 20:30:00@8,11,14,21,32|3,11
2014006@2014-01-13 20:30:00@1,4,7,16,35|6,8
2014005@2014-01-11 20:30:00@15,17,18,29,33|4,8
2014004@2014-01-08 20:30:00@7,10,19,27,28|9,12
2014003@2014-01-06 20:30:00@7,11,13,21,33|5,6
2014002@2014-01-04 20:30:00@1,12,21,24,29|1,7
2014001@2014-01-01 20:30:00@5,13,20,23,29|8,11
2013153@2013-12-30 20:30:00@4,5,16,17,30|3,9
2013152@2013-12-28 20:30:00@9,12,14,18,19|3,9
2013151@2013-12-25 20:30:00@2,13,21,27,30|3,4
2013150@2013-12-23 20:30:00@6,7,14,18,22|8,11
2013149@2013-12-21 20:30:00@6,7,8,9,13|5,7
2013148@2013-12-18 20:30:00@2,5,9,29,32|3,7
2013147@2013-12-16 20:30:00@3,9,22,24,25|5,9
2013146@2013-12-14 20:30:00@6,7,15,25,31|1,9
2013145@2013-12-11 20:30:00@2,13,15,18,20|2,11
2013144@2013-12-09 20:30:00@3,20,21,23,35|2,8
2013143@2013-12-07 20:30:00@3,8,14,21,31|6,8
2013142@2013-12-04 20:30:00@6,11,25,28,29|4,12
2013141@2013-12-02 20:30:00@5,15,18,25,31|8,10
2013140@2013-11-30 20:30:00@1,12,17,26,28|1,6
2013139@2013-11-27 20:30:00@5,6,18,20,31|6,7
2013138@2013-11-25 20:30:00@3,8,13,17,24|7,9
2013137@2013-11-23 20:30:00@4,12,32,33,34|6,8
2013136@2013-11-20 20:30:00@5,11,15,25,28|5,11
2013135@2013-11-18 20:30:00@4,13,19,25,26|7,12
2013134@2013-11-16 20:30:00@2,13,19,23,32|2,9
2013133@2013-11-13 20:30:00@2,8,10,16,17|9,12
2013132@2013-11-11 20:30:00@23,26,28,31,34|2,10
2013131@2013-11-09 20:30:00@12,15,29,30,31|4,12
2013130@2013-11-06 20:30:00@8,9,15,19,30|6,9
2013129@2013-11-04 20:30:00@11,23,29,30,33|1,4
2013128@2013-11-02 20:30:00@11,13,27,33,35|1,2
2013127@2013-10-30 20:30:00@3,14,16,19,32|5,10
2013126@2013-10-28 20:30:00@9,10,15,18,30|3,6
2013125@2013-10-26 20:30:00@4,8,14,23,28|4,8
2013124@2013-10-23 20:30:00@5,7,18,21,32|10,11
2013123@2013-10-21 20:30:00@2,9,10,33,34|5,12
2013122@2013-10-19 20:30:00@15,17,20,24,35|4,12
2013121@2013-10-16 20:30:00@3,18,19,20,24|3,12
2013120@2013-10-14 20:30:00@6,14,15,22,26|3,11
2013119@2013-10-12 20:30:00@1,2,16,23,35|1,11
2013118@2013-10-09 20:30:00@4,6,11,20,31|1,5
2013117@2013-10-07 20:30:00@5,16,23,25,33|7,12
2013116@2013-10-05 20:30:00@13,22,23,30,33|9,11
2013115@2013-10-02 20:30:00@5,16,29,32,34|4,11
2013114@2013-09-30 20:30:00@6,17,21,23,33|1,9
2013113@2013-09-28 20:30:00@19,21,23,28,30|8,12
2013112@2013-09-25 20:30:00@2,10,20,22,29|5,12
2013111@2013-09-23 20:30:00@7,12,13,20,27|1,3
2013110@2013-09-21 20:30:00@7,16,18,32,33|2,7
2013109@2013-09-18 20:30:00@13,20,26,29,32|2,6
2013108@2013-09-16 20:30:00@5,10,13,15,18|2,11
2013107@2013-09-14 20:30:00@7,13,14,18,25|5,12
2013106@2013-09-11 20:30:00@6,7,12,13,27|3,12
2013105@2013-09-09 20:30:00@7,13,27,30,34|1,12
2013104@2013-09-07 20:30:00@2,5,11,27,29|1,11
2013103@2013-09-04 20:30:00@5,8,13,16,31|3,9
2013102@2013-09-02 20:30:00@6,12,15,19,26|2,11
2013101@2013-08-31 20:30:00@4,9,13,15,32|2,9
2013100@2013-08-28 20:30:00@9,12,24,26,30|5,9
2013099@2013-08-26 20:30:00@4,11,28,30,33|5,12
2013098@2013-08-24 20:30:00@2,6,16,29,34|10,11
2013097@2013-08-21 20:30:00@7,8,13,17,32|3,8
2013096@2013-08-19 20:30:00@17,19,20,22,26|6,8
2013095@2013-08-17 20:30:00@3,17,28,30,33|1,10
2013094@2013-08-14 20:30:00@3,28,33,34,35|6,9
2013093@2013-08-12 20:30:00@1,5,17,18,26|5,7
2013092@2013-08-10 20:30:00@7,10,21,27,33|3,9
2013091@2013-08-07 20:30:00@4,9,28,34,35|2,8
2013090@2013-08-05 20:30:00@2,26,30,31,33|11,12
2013089@2013-08-03 20:30:00@6,7,23,24,29|4,11
2013088@2013-07-31 20:30:00@3,5,8,33,35|1,3
2013087@2013-07-29 20:30:00@9,12,22,32,34|2,4
2013086@2013-07-27 20:30:00@9,16,26,29,31|6,9
2013085@2013-07-24 20:30:00@8,19,23,27,32|3,5
2013084@2013-07-22 20:30:00@8,22,26,29,35|1,5
2013083@2013-07-20 20:30:00@26,29,30,32,35|4,10
2013082@2013-07-17 20:30:00@3,9,25,26,33|3,12
2013081@2013-07-15 20:30:00@7,9,15,17,23|2,7
2013080@2013-07-13 20:30:00@6,21,23,27,31|4,6
2013079@2013-07-10 20:30:00@9,10,17,21,34|1,7
2013078@2013-07-08 20:30:00@2,7,23,31,33|2,8
2013077@2013-07-06 20:30:00@24,26,30,32,35|6,12
2013076@2013-07-03 20:30:00@13,15,16,26,27|9,10
2013075@2013-07-01 20:30:00@1,11,13,19,35|7,8
2013074@2013-06-29 20:30:00@6,14,20,24,32|1,7
2013073@2013-06-26 20:30:00@3,5,23,27,31|2,6
2013072@2013-06-24 20:30:00@12,27,28,33,35|3,5
2013071@2013-06-22 20:30:00@13,19,26,27,28|3,11
2013070@2013-06-19 20:30:00@9,12,18,21,29|1,8
2013069@2013-06-17 20:30:00@6,12,13,16,30|7,12
2013068@2013-06-15 20:30:00@10,17,27,34,35|5,7
2013067@2013-06-12 20:30:00@2,3,5,8,29|10,12
2013066@2013-06-10 20:30:00@6,7,13,33,34|2,11
2013065@2013-06-08 20:30:00@9,28,31,34,35|2,9
2013064@2013-06-05 20:30:00@21,24,26,28,32|1,3
2013063@2013-06-03 20:30:00@3,5,11,27,28|5,6
2013062@2013-06-01 20:30:00@1,5,8,9,12|9,12
2013061@2013-05-29 20:30:00@1,14,18,21,32|5,10
2013060@2013-05-27 20:30:00@15,25,26,32,35|5,10
2013059@2013-05-25 20:30:00@3,8,11,24,27|7,12
2013058@2013-05-22 20:30:00@20,21,27,31,35|7,11
2013057@2013-05-20 20:30:00@7,15,27,33,35|7,10
2013056@2013-05-18 20:30:00@11,22,30,32,35|3,4
2013055@2013-05-15 20:30:00@4,5,22,23,24|3,9
2013054@2013-05-13 20:30:00@5,8,21,30,32|1,8
2013053@2013-05-11 20:30:00@13,31,33,34,35|5,7
2013052@2013-05-08 20:30:00@1,2,10,29,31|1,10
2013051@2013-05-06 20:30:00@5,8,15,18,33|7,8
2013050@2013-05-04 20:30:00@14,22,30,32,33|7,8
2013049@2013-05-01 20:30:00@18,22,25,31,32|4,6
2013048@2013-04-29 20:30:00@10,11,23,32,33|1,4
2013047@2013-04-27 20:30:00@12,20,28,30,35|3,11
2013046@2013-04-24 20:30:00@15,16,19,25,32|5,11
2013045@2013-04-22 20:30:00@8,11,12,21,25|2,7
2013044@2013-04-20 20:30:00@7,11,13,18,28|5,10
2013043@2013-04-17 20:30:00@7,13,25,34,35|7,9
2013042@2013-04-15 20:30:00@2,6,22,23,33|1,6
2013041@2013-04-13 20:30:00@3,13,14,15,34|5,8
2013040@2013-04-10 20:30:00@16,17,22,26,35|3,10
2013039@2013-04-08 20:30:00@6,23,30,33,35|7,10
2013038@2013-04-06 20:30:00@1,19,24,25,26|7,9
2013037@2013-04-03 20:30:00@2,26,31,32,34|6,8
2013036@2013-04-01 20:30:00@8,12,32,33,35|3,5
2013035@2013-03-30 20:30:00@5,14,28,32,34|7,8
2013034@2013-03-27 20:30:00@1,3,11,19,29|4,8
2013033@2013-03-25 20:30:00@12,18,22,28,31|1,11
2013032@2013-03-23 20:30:00@12,27,28,33,35|1,8
2013031@2013-03-20 20:30:00@12,17,18,26,32|10,11
2013030@2013-03-18 20:30:00@3,5,9,10,28|5,7
2013029@2013-03-16 20:30:00@5,7,17,25,26|4,10
2013028@2013-03-13 20:30:00@13,19,28,30,34|8,12
2013027@2013-03-11 20:30:00@3,12,14,24,35|3,8
2013026@2013-03-09 20:30:00@2,10,16,30,33|5,6
2013025@2013-03-06 20:30:00@3,23,25,26,28|10,12
2013024@2013-03-04 20:30:00@9,12,14,18,24|1,4
2013023@2013-03-02 20:30:00@5,19,24,26,35|5,7
2013022@2013-02-27 20:30:00@3,4,13,17,23|3,8
2013021@2013-02-25 20:30:00@23,24,28,30,33|1,11
2013020@2013-02-23 20:30:00@6,11,20,31,32|5,9
2013019@2013-02-20 20:30:00@6,12,17,29,30|7,11
2013018@2013-02-18 20:30:00@20,23,31,33,34|3,9
2013017@2013-02-16 20:30:00@11,14,22,29,34|5,11
2013016@2013-02-06 20:30:00@5,15,19,27,32|8,9
2013015@2013-02-04 20:30:00@14,15,26,32,33|1,11
2013014@2013-02-02 20:30:00@5,8,25,29,31|2,4
2013013@2013-01-30 20:30:00@13,15,29,30,35|1,11
2013012@2013-01-28 20:30:00@1,14,31,32,34|2,11
2013011@2013-01-26 20:30:00@1,2,8,15,23|6,9
2013010@2013-01-23 20:30:00@9,15,17,18,29|9,11
2013009@2013-01-21 20:30:00@10,17,19,27,29|5,12
2013008@2013-01-19 20:30:00@2,7,25,29,34|3,6
2013007@2013-01-16 20:30:00@14,29,32,33,34|3,6
2013006@2013-01-14 20:30:00@8,20,25,31,32|5,7
2013005@2013-01-12 20:30:00@18,22,26,28,31|10,12
2013004@2013-01-09 20:30:00@7,8,12,20,25|3,7
2013003@2013-01-07 20:30:00@1,16,18,21,31|9,12
2013002@2013-01-05 20:30:00@4,20,27,31,32|6,12
2013001@2013-01-02 20:30:00@6,9,11,31,32|5,11
2012154@2012-12-31 20:30:00@3,26,27,31,32|3,9
2012153@2012-12-29 20:30:00@8,9,10,13,22|5,10
2012152@2012-12-26 20:30:00@4,17,26,33,34|2,8
2012151@2012-12-24 20:30:00@3,19,20,24,33|3,4
2012150@2012-12-22 20:30:00@2,14,18,24,31|2,3
2012149@2012-12-19 20:30:00@2,10,23,33,34|5,10
2012148@2012-12-17 20:30:00@4,16,27,29,34|6,11
2012147@2012-12-15 20:30:00@2,3,17,19,33|2,9
2012146@2012-12-12 20:30:00@1,10,13,17,26|6,8
2012145@2012-12-10 20:30:00@5,22,31,33,35|6,9
2012144@2012-12-08 20:30:00@11,13,14,21,29|1,10
2012143@2012-12-05 20:30:00@9,27,29,30,31|3,6
2012142@2012-12-03 20:30:00@15,19,29,34,35|7,10
2012141@2012-12-01 20:30:00@3,11,19,23,34|2,12
2012140@2012-11-28 20:30:00@7,17,27,28,29|9,10
2012139@2012-11-26 20:30:00@9,10,12,22,25|4,11
2012138@2012-11-24 20:30:00@13,17,27,31,33|6,12
2012137@2012-11-21 20:30:00@3,12,20,21,27|1,6
2012136@2012-11-19 20:30:00@2,23,29,30,31|1,4
2012135@2012-11-17 20:30:00@3,5,17,18,33|6,7
2012134@2012-11-14 20:30:00@1,6,18,32,35|2,7
2012133@2012-11-12 20:30:00@5,7,13,29,30|1,5
2012132@2012-11-10 20:30:00@5,8,21,25,33|1,11
2012131@2012-11-07 20:30:00@2,16,18,27,30|8,12
2012130@2012-11-05 20:30:00@14,19,23,29,30|6,7
2012129@2012-11-03 20:30:00@1,7,21,28,31|3,9
2012128@2012-10-31 20:30:00@9,10,19,30,31|4,11
2012127@2012-10-29 20:30:00@12,13,14,25,35|10,12
2012126@2012-10-27 20:30:00@13,14,21,28,29|5,10
2012125@2012-10-24 20:30:00@6,14,17,22,35|1,2
2012124@2012-10-22 20:30:00@7,11,19,20,35|5,10
2012123@2012-10-20 20:30:00@5,8,18,30,33|1,9
2012122@2012-10-17 20:30:00@23,24,25,29,31|3,12
2012121@2012-10-15 20:30:00@7,18,20,29,30|5,6
2012120@2012-10-13 20:30:00@2,10,21,23,29|3,4
2012119@2012-10-10 20:30:00@5,6,9,19,32|6,9
2012118@2012-10-08 20:30:00@5,17,25,30,33|1,12
2012117@2012-10-06 20:30:00@1,12,18,21,33|7,8
2012116@2012-10-03 20:30:00@1,11,18,20,22|7,10
2012115@2012-10-01 20:30:00@1,6,13,19,23|6,9
2012114@2012-09-29 20:30:00@3,6,21,33,35|1,7
2012113@2012-09-26 20:30:00@3,10,22,27,29|3,12
2012112@2012-09-24 20:30:00@1,2,28,31,35|5,7
2012111@2012-09-22 20:30:00@1,24,25,30,33|4,11
2012110@2012-09-19 20:30:00@1,11,17,19,26|5,12
2012109@2012-09-17 20:30:00@1,22,30,32,35|9,11
2012108@2012-09-15 20:30:00@6,7,12,24,35|2,6
2012107@2012-09-12 20:30:00@4,7,9,22,33|1,3
2012106@2012-09-10 20:30:00@15,23,25,29,31|9,10
2012105@2012-09-08 20:30:00@5,6,14,15,31|6,8
2012104@2012-09-05 20:30:00@16,18,24,25,27|4,9
2012103@2012-09-03 20:30:00@2,9,18,23,24|1,4
2012102@2012-09-01 20:30:00@2,4,6,13,35|4,8
2012101@2012-08-29 20:30:00@2,5,8,9,31|3,7
2012100@2012-08-27 20:30:00@7,9,13,19,27|1,3
2012099@2012-08-25 20:30:00@12,18,24,25,32|2,12
2012098@2012-08-22 20:30:00@2,11,28,29,30|6,12
2012097@2012-08-20 20:30:00@9,17,24,29,32|1,2
2012096@2012-08-18 20:30:00@5,10,19,24,35|8,9
2012095@2012-08-15 20:30:00@6,9,22,27,30|8,12
2012094@2012-08-13 20:30:00@2,14,23,32,35|1,10
2012093@2012-08-11 20:30:00@2,16,21,31,33|4,11
2012092@2012-08-08 20:30:00@8,9,23,25,31|2,12
2012091@2012-08-06 20:30:00@3,10,28,31,33|1,9
2012090@2012-08-04 20:30:00@2,21,27,29,33|2,10
2012089@2012-08-01 20:30:00@6,12,21,29,32|6,11
2012088@2012-07-30 20:30:00@13,17,24,30,35|2,10
2012087@2012-07-28 20:30:00@1,6,7,21,31|4,11
2012086@2012-07-25 20:30:00@3,20,25,29,32|5,10
2012085@2012-07-23 20:30:00@7,18,29,31,33|10,12
2012084@2012-07-21 20:30:00@21,24,27,29,31|1,2
2012083@2012-07-18 20:30:00@16,19,28,29,31|5,8
2012082@2012-07-16 20:30:00@2,4,9,10,15|8,10
2012081@2012-07-14 20:30:00@10,16,17,30,35|1,8
2012080@2012-07-11 20:30:00@11,12,14,25,28|2,5
2012079@2012-07-09 20:30:00@1,5,25,32,33|1,10
2012078@2012-07-07 20:30:00@1,2,23,25,35|5,12
2012077@2012-07-04 20:30:00@10,30,32,33,34|2,3
2012076@2012-07-02 20:30:00@2,14,16,22,24|2,5
2012075@2012-06-30 20:30:00@7,9,10,18,22|5,10
2012074@2012-06-27 20:30:00@10,22,23,30,32|1,7
2012073@2012-06-25 20:30:00@18,23,29,33,34|2,7
2012072@2012-06-23 20:30:00@4,8,17,22,25|4,10
2012071@2012-06-20 20:30:00@13,23,29,31,34|6,8
2012070@2012-06-18 20:30:00@9,22,23,32,34|6,8
2012069@2012-06-16 20:30:00@2,4,22,25,34|2,11
2012068@2012-06-13 20:30:00@1,21,31,32,35|3,6
2012067@2012-06-11 20:30:00@20,22,27,30,33|1,2
2012066@2012-06-09 20:30:00@1,20,25,29,33|4,6
2012065@2012-06-06 20:30:00@10,22,28,29,34|5,11
2012064@2012-06-04 20:30:00@9,12,13,15,30|9,10
2012063@2012-06-02 20:30:00@11,25,26,29,35|1,2
2012062@2012-05-30 20:30:00@21,32,33,34,35|8,9
2012061@2012-05-28 20:30:00@5,10,14,27,33|7,9
2012060@2012-05-26 20:30:00@2,16,21,24,30|6,10
2012059@2012-05-23 20:30:00@9,13,19,21,27|3,4
2012058@2012-05-21 20:30:00@13,21,29,31,35|4,12
2012057@2012-05-19 20:30:00@1,2,14,33,34|3,5
2012056@2012-05-16 20:30:00@11,21,23,26,34|7,9
2012055@2012-05-14 20:30:00@7,22,26,32,33|1,8
2012054@2012-05-12 20:30:00@1,16,18,27,30|10,11
2012053@2012-05-09 20:30:00@11,12,26,28,31|7,12
2012052@2012-05-07 20:30:00@10,20,26,31,33|10,12
2012051@2012-05-05 20:30:00@1,2,17,18,33|5,12
2012050@2012-05-02 20:30:00@13,17,22,28,29|1,10
2012049@2012-04-30 20:30:00@9,18,22,27,31|10,12
2012048@2012-04-28 20:30:00@6,9,26,30,35|5,6
2012047@2012-04-25 20:30:00@5,7,17,30,34|3,10
2012046@2012-04-23 20:30:00@4,8,19,23,27|4,11
2012045@2012-04-21 20:30:00@5,11,17,20,28|11,12
2012044@2012-04-18 20:30:00@3,4,14,32,35|1,2
2012043@2012-04-16 20:30:00@1,6,25,31,34|3,9
2012042@2012-04-14 20:30:00@7,24,27,28,35|7,12
2012041@2012-04-11 20:30:00@1,2,13,22,23|2,10
2012040@2012-04-09 20:30:00@2,13,23,28,29|1,5
2012039@2012-04-07 20:30:00@15,21,22,24,35|1,5
2012038@2012-04-04 20:30:00@11,23,25,31,35|1,3
2012037@2012-04-02 20:30:00@9,13,27,31,35|3,10
2012036@2012-03-31 20:30:00@1,9,20,30,31|8,12
2012035@2012-03-28 20:30:00@1,4,30,32,35|8,12
2012034@2012-03-26 20:30:00@1,8,15,16,29|8,9
2012033@2012-03-24 20:30:00@8,13,19,27,32|1,8
2012032@2012-03-21 20:30:00@7,8,16,26,34|7,11
2012031@2012-03-19 20:30:00@19,21,23,25,30|3,8
2012030@2012-03-17 20:30:00@3,21,22,26,32|1,3
2012029@2012-03-14 20:30:00@4,7,8,18,29|7,10
2012028@2012-03-12 20:30:00@10,12,15,33,34|3,10
2012027@2012-03-10 20:30:00@3,10,11,22,31|5,7
2012026@2012-03-07 20:30:00@10,11,22,23,29|2,9
2012025@2012-03-05 20:30:00@1,2,5,12,27|4,7
2012024@2012-03-03 20:30:00@3,11,17,21,30|3,7
2012023@2012-02-29 20:30:00@7,9,17,29,35|9,10
2012022@2012-02-27 20:30:00@7,12,20,33,35|1,10
2012021@2012-02-25 20:30:00@10,15,21,31,34|7,8
2012020@2012-02-22 20:30:00@12,14,27,29,34|3,6
2012019@2012-02-20 20:30:00@7,9,17,30,34|1,12
2012018@2012-02-18 20:30:00@3,10,14,29,31|4,8
2012017@2012-02-15 20:30:00@6,11,22,29,34|3,12
2012016@2012-02-13 20:30:00@5,14,20,29,31|8,12
2012015@2012-02-11 20:30:00@12,13,24,26,33|6,8
2012014@2012-02-08 20:30:00@10,14,24,30,32|1,12
2012013@2012-02-06 20:30:00@7,8,11,12,24|1,2
2012012@2012-02-04 20:30:00@6,18,22,30,35|2,7
2012011@2012-02-01 20:30:00@5,19,22,29,30|2,4
2012010@2012-01-30 20:30:00@25,26,29,32,34|5,7
2012009@2012-01-21 20:30:00@6,14,20,29,35|9,10
2012008@2012-01-18 20:30:00@6,8,30,31,32|1,11
2012007@2012-01-16 20:30:00@4,5,13,17,25|7,10
2012006@2012-01-14 20:30:00@3,20,22,25,27|1,9
2012005@2012-01-11 20:30:00@1,2,29,31,33|7,12
2012004@2012-01-09 20:30:00@10,11,22,31,32|6,7
2012003@2012-01-07 20:30:00@16,22,24,33,34|3,10
2012002@2012-01-04 20:30:00@3,11,14,26,29|7,8
2012001@2012-01-02 20:30:00@7,27,28,32,33|1,12
2011154@2011-12-31 20:30:00@4,12,16,20,28|8,11
2011153@2011-12-28 20:30:00@6,22,29,30,35|3,5
2011152@2011-12-26 20:30:00@1,4,6,21,35|2,11
2011151@2011-12-24 20:30:00@7,11,14,20,27|3,10
2011150@2011-12-21 20:30:00@13,22,30,33,34|6,12
2011149@2011-12-19 20:30:00@2,7,12,29,31|3,5
2011148@2011-12-17 20:30:00@7,10,11,26,31|3,4
2011147@2011-12-14 20:30:00@1,15,16,27,28|2,7
2011146@2011-12-12 20:30:00@9,13,19,29,34|2,11
2011145@2011-12-10 20:30:00@7,15,19,24,29|4,6
2011144@2011-12-07 20:30:00@7,18,24,28,33|2,3
2011143@2011-12-05 20:30:00@8,9,12,25,33|7,10
2011142@2011-12-03 20:30:00@4,26,30,33,34|4,6
2011141@2011-11-30 20:30:00@2,11,19,22,35|10,12
2011140@2011-11-28 20:30:00@1,12,32,33,34|9,11
2011139@2011-11-26 20:30:00@4,6,10,15,16|3,4
2011138@2011-11-23 20:30:00@17,23,26,30,32|6,12
2011137@2011-11-21 20:30:00@2,15,18,23,31|1,2
2011136@2011-11-19 20:30:00@8,9,11,19,33|3,12
2011135@2011-11-16 20:30:00@6,22,29,33,35|3,12
2011134@2011-11-14 20:30:00@1,10,12,14,17|9,10
2011133@2011-11-12 20:30:00@4,11,23,26,35|3,12
2011132@2011-11-09 20:30:00@12,14,16,19,33|2,9
2011131@2011-11-07 20:30:00@3,5,12,18,33|7,11
2011130@2011-11-05 20:30:00@8,9,13,23,35|11,12
2011129@2011-11-02 20:30:00@1,7,13,18,23|4,8
2011128@2011-10-31 20:30:00@3,4,6,11,13|1,2
2011127@2011-10-29 20:30:00@1,11,22,26,29|5,8
2011126@2011-10-26 20:30:00@7,17,29,30,33|10,12
2011125@2011-10-24 20:30:00@7,10,27,34,35|10,12
2011124@2011-10-22 20:30:00@8,12,14,20,25|6,8
2011123@2011-10-19 20:30:00@10,14,18,19,35|1,6
2011122@2011-10-17 20:30:00@3,8,23,24,34|5,12
2011121@2011-10-15 20:30:00@2,3,30,31,33|3,9
2011120@2011-10-12 20:30:00@20,25,26,30,31|9,10
2011119@2011-10-10 20:30:00@4,15,20,26,31|6,12
2011118@2011-10-08 20:30:00@4,7,11,32,35|5,7
2011117@2011-10-05 20:30:00@10,12,28,32,33|3,5
2011116@2011-10-03 20:30:00@10,15,18,19,26|7,12
2011115@2011-10-01 20:30:00@17,26,30,31,35|6,11
2011114@2011-09-28 20:30:00@6,8,17,27,35|2,11
2011113@2011-09-26 20:30:00@4,5,7,10,12|4,5
2011112@2011-09-24 20:30:00@6,17,28,32,33|8,12
2011111@2011-09-21 20:30:00@2,11,13,23,31|11,12
2011110@2011-09-19 20:30:00@30,31,33,34,35|4,7
2011109@2011-09-17 20:30:00@1,11,12,22,34|8,10
2011108@2011-09-14 20:30:00@7,15,18,24,28|1,7
2011107@2011-09-12 20:30:00@2,6,18,30,32|1,8
2011106@2011-09-10 20:30:00@1,9,29,30,35|5,9
2011105@2011-09-07 20:30:00@2,11,26,32,33|5,12
2011104@2011-09-05 20:30:00@7,19,27,28,34|2,5
2011103@2011-09-03 20:30:00@3,4,26,29,34|1,3
2011102@2011-08-31 20:30:00@19,24,28,31,34|4,12
2011101@2011-08-29 20:30:00@5,12,20,28,30|3,7
2011100@2011-08-27 20:30:00@8,11,13,28,33|8,9
2011099@2011-08-24 20:30:00@2,6,9,12,20|5,8
2011098@2011-08-22 20:30:00@6,7,28,33,35|1,10
2011097@2011-08-20 20:30:00@4,19,28,31,33|11,12
2011096@2011-08-17 20:30:00@3,8,20,24,25|1,2
2011095@2011-08-15 20:30:00@9,12,17,19,29|6,11
2011094@2011-08-13 20:30:00@11,21,22,32,34|4,8
2011093@2011-08-10 20:30:00@4,6,8,19,31|10,11
2011092@2011-08-08 20:30:00@10,17,19,32,33|1,12
2011091@2011-08-06 20:30:00@11,17,23,29,30|6,8
2011090@2011-08-03 20:30:00@2,4,29,30,34|5,8
2011089@2011-08-01 20:30:00@5,6,23,27,34|3,4
2011088@2011-07-30 20:30:00@20,21,27,29,35|3,8
2011087@2011-07-27 20:30:00@6,13,20,25,34|7,9
2011086@2011-07-25 20:30:00@4,5,6,9,15|1,6
2011085@2011-07-23 20:30:00@2,17,19,21,22|3,10
2011084@2011-07-20 20:30:00@14,29,31,34,35|1,12
2011083@2011-07-18 20:30:00@6,8,18,20,24|4,8
2011082@2011-07-16 20:30:00@7,20,25,30,32|5,9
2011081@2011-07-13 20:30:00@4,13,20,21,35|2,9
2011080@2011-07-11 20:30:00@5,12,30,31,32|1,3
2011079@2011-07-09 20:30:00@1,3,23,30,31|2,10
2011078@2011-07-06 20:30:00@4,9,16,27,30|2,6
2011077@2011-07-04 20:30:00@5,8,19,33,34|1,12
2011076@2011-07-02 20:30:00@18,23,25,29,30|1,2
2011075@2011-06-29 20:30:00@6,9,20,23,28|6,10
2011074@2011-06-27 20:30:00@7,16,23,28,31|3,6
2011073@2011-06-25 20:30:00@13,19,20,22,33|5,11
2011072@2011-06-22 20:30:00@3,11,13,20,35|3,8
2011071@2011-06-20 20:30:00@27,31,33,34,35|4,6
2011070@2011-06-18 20:30:00@9,19,22,29,30|2,8
2011069@2011-06-15 20:30:00@3,5,28,29,33|4,12
2011068@2011-06-13 20:30:00@1,13,16,18,32|7,9
2011067@2011-06-11 20:30:00@10,17,22,24,32|3,10
2011066@2011-06-08 20:30:00@6,13,18,20,33|9,10
2011065@2011-06-06 20:30:00@3,11,14,25,34|1,4
2011064@2011-06-04 20:30:00@1,6,27,30,34|1,6
2011063@2011-06-01 20:30:00@10,17,18,26,32|1,5
2011062@2011-05-30 20:30:00@6,10,17,20,21|3,7
2011061@2011-05-28 20:30:00@6,7,16,18,20|4,10
2011060@2011-05-25 20:30:00@3,25,29,32,34|9,10
2011059@2011-05-23 20:30:00@9,16,21,29,34|7,10
2011058@2011-05-21 20:30:00@1,9,27,32,33|3,6
2011057@2011-05-18 20:30:00@7,11,30,31,34|9,12
2011056@2011-05-16 20:30:00@3,5,29,30,31|8,10
2011055@2011-05-14 20:30:00@1,7,31,32,35|2,10
2011054@2011-05-11 20:30:00@5,9,16,26,35|3,10
2011053@2011-05-09 20:30:00@3,16,28,31,32|1,9
2011052@2011-05-07 20:30:00@13,24,31,32,33|3,9
2011051@2011-05-04 20:30:00@6,8,12,17,18|5,10
2011050@2011-05-02 20:30:00@4,7,29,32,33|8,10
2011049@2011-04-30 20:30:00@5,6,10,22,25|1,9
2011048@2011-04-27 20:30:00@13,17,25,27,28|2,3
2011047@2011-04-25 20:30:00@2,15,22,33,35|5,8
2011046@2011-04-23 20:30:00@9,15,16,19,29|4,6
2011045@2011-04-20 20:30:00@13,21,22,29,31|7,11
2011044@2011-04-18 20:30:00@11,21,24,26,31|6,7
2011043@2011-04-16 20:30:00@2,8,23,33,35|5,10
2011042@2011-04-13 20:30:00@6,9,18,30,32|10,12
2011041@2011-04-11 20:30:00@4,5,11,13,25|3,6
2011040@2011-04-09 20:30:00@3,7,15,18,20|1,6
2011039@2011-04-06 20:30:00@1,11,14,22,34|6,8
2011038@2011-04-04 20:30:00@7,9,11,13,33|10,12
2011037@2011-04-02 20:30:00@1,12,14,22,24|10,12
2011036@2011-03-30 20:30:00@3,18,29,30,33|8,9
2011035@2011-03-28 20:30:00@3,4,13,15,32|4,9
2011034@2011-03-26 20:30:00@3,6,9,17,27|3,9
2011033@2011-03-23 20:30:00@3,19,24,29,33|3,9
2011032@2011-03-21 20:30:00@7,16,23,31,33|3,10
2011031@2011-03-19 20:30:00@12,17,19,22,35|4,11
2011030@2011-03-16 20:30:00@15,19,25,30,33|3,8
2011029@2011-03-14 20:30:00@3,9,17,24,28|6,12
2011028@2011-03-12 20:30:00@1,2,13,17,28|1,4
2011027@2011-03-09 20:30:00@5,14,25,34,35|2,5
2011026@2011-03-07 20:30:00@1,9,15,20,29|7,9
2011025@2011-03-05 20:30:00@8,9,25,28,29|2,10
2011024@2011-03-02 20:30:00@12,15,16,20,33|8,12
2011023@2011-02-28 20:30:00@5,13,16,18,24|2,12
2011022@2011-02-26 20:30:00@9,14,24,25,34|1,4
2011021@2011-02-23 20:30:00@1,9,13,17,30|2,8
2011020@2011-02-21 20:30:00@9,12,19,22,28|1,5
2011019@2011-02-19 20:30:00@8,21,23,27,33|6,11
2011018@2011-02-16 20:30:00@16,22,24,32,34|2,10
2011017@2011-02-14 20:30:00@16,19,24,26,31|2,4
2011016@2011-02-12 20:30:00@15,20,30,33,35|6,9
2011015@2011-02-09 20:30:00@8,18,19,22,23|1,3
2011014@2011-01-31 20:30:00@2,14,20,21,24|2,9
2011013@2011-01-29 20:30:00@5,8,14,28,30|4,6
2011012@2011-01-26 20:30:00@3,12,19,25,30|8,11
2011011@2011-01-24 20:30:00@2,17,23,24,30|2,9
2011010@2011-01-22 20:30:00@4,8,10,14,27|5,7
2011009@2011-01-19 20:30:00@9,10,11,14,24|3,8
2011008@2011-01-17 20:30:00@1,23,26,27,30|5,6
2011007@2011-01-15 20:30:00@14,24,32,33,35|2,9
2011006@2011-01-12 20:30:00@2,8,16,26,35|11,12
2011005@2011-01-10 20:30:00@1,7,25,27,30|7,12
2011004@2011-01-08 20:30:00@7,8,10,23,25|7,9
2011003@2011-01-05 20:30:00@1,24,27,30,31|1,6
2011002@2011-01-03 20:30:00@11,13,27,28,29|2,6
2011001@2011-01-01 20:30:00@7,8,15,32,34|5,12
2010153@2010-12-29 20:30:00@6,7,16,24,35|4,6
2010152@2010-12-27 20:30:00@2,5,18,22,23|7,12
2010151@2010-12-25 20:30:00@1,10,32,33,35|3,8
2010150@2010-12-22 20:30:00@5,24,28,29,35|1,9
2010149@2010-12-20 20:30:00@5,22,24,25,30|1,6
2010148@2010-12-18 20:30:00@3,4,8,10,35|2,6
2010147@2010-12-15 20:30:00@1,15,19,21,23|11,12
2010146@2010-12-13 20:30:00@14,17,30,31,34|4,10
2010145@2010-12-11 20:30:00@18,19,27,28,33|3,6
2010144@2010-12-08 20:30:00@2,11,16,22,31|10,11
2010143@2010-12-06 20:30:00@10,16,18,22,27|6,8
2010142@2010-12-04 20:30:00@10,11,19,21,27|4,6
2010141@2010-12-01 20:30:00@5,11,17,23,33|3,10
2010140@2010-11-29 20:30:00@6,18,20,30,31|3,6
2010139@2010-11-27 20:30:00@3,13,16,19,29|7,9
2010138@2010-11-24 20:30:00@8,12,14,19,27|5,6
2010137@2010-11-22 20:30:00@22,27,28,33,35|9,11
2010136@2010-11-20 20:30:00@3,13,18,30,33|7,8
2010135@2010-11-17 20:30:00@14,17,19,26,32|3,4
2010134@2010-11-15 20:30:00@9,12,13,19,30|4,5
2010133@2010-11-13 20:30:00@11,16,17,21,22|3,6
2010132@2010-11-10 20:30:00@18,21,23,25,29|6,11
2010131@2010-11-08 20:30:00@10,15,22,28,29|4,12
2010130@2010-11-06 20:30:00@5,6,9,10,34|8,11
2010129@2010-11-03 20:30:00@14,15,24,25,26|3,7
2010128@2010-11-01 20:30:00@6,17,19,29,35|2,8
2010127@2010-10-30 20:30:00@3,22,24,30,33|4,10
2010126@2010-10-27 20:30:00@3,5,9,13,33|5,11
2010125@2010-10-25 20:30:00@1,7,9,14,19|9,12
2010124@2010-10-23 20:30:00@1,9,27,29,34|1,6
2010123@2010-10-20 20:30:00@18,20,30,32,33|1,11
2010122@2010-10-18 20:30:00@5,6,11,13,26|2,7
2010121@2010-10-16 20:30:00@21,22,31,32,34|2,12
2010120@2010-10-13 20:30:00@8,10,18,34,35|6,10
2010119@2010-10-11 20:30:00@5,13,14,23,26|2,3
2010118@2010-10-09 20:30:00@19,22,23,29,35|8,10
2010117@2010-10-06 20:30:00@4,6,21,27,34|5,9
2010116@2010-10-04 20:30:00@14,22,27,28,35|4,10
2010115@2010-10-02 20:30:00@5,7,10,15,32|3,8
2010114@2010-09-29 20:30:00@3,7,22,25,35|3,11
2010113@2010-09-27 20:30:00@5,16,22,23,32|4,10
2010112@2010-09-25 20:30:00@14,15,18,34,35|8,10
2010111@2010-09-22 20:30:00@3,6,13,14,29|1,2
2010110@2010-09-20 20:30:00@21,29,30,33,35|7,11
2010109@2010-09-18 20:30:00@1,2,8,11,25|10,12
2010108@2010-09-15 20:30:00@1,10,13,19,34|9,12
2010107@2010-09-13 20:30:00@14,17,22,27,34|3,5
2010106@2010-09-11 20:30:00@5,27,28,29,34|9,12
2010105@2010-09-08 20:30:00@5,17,26,27,35|8,9
2010104@2010-09-06 20:30:00@14,25,30,32,33|1,11
2010103@2010-09-04 20:30:00@10,14,29,30,35|5,8
2010102@2010-09-01 20:30:00@4,15,19,24,35|1,10
2010101@2010-08-30 20:30:00@11,15,22,27,35|5,8
2010100@2010-08-28 20:30:00@19,20,30,33,35|6,8
2010099@2010-08-25 20:30:00@3,11,17,21,30|1,8
2010098@2010-08-23 20:30:00@2,3,12,13,25|1,7
2010097@2010-08-21 20:30:00@9,17,21,28,29|2,8
2010096@2010-08-18 20:30:00@4,9,24,30,35|1,10
2010095@2010-08-16 20:30:00@12,14,16,19,25|1,6
2010094@2010-08-14 20:30:00@20,32,33,34,35|6,7
2010093@2010-08-11 20:30:00@2,4,9,28,29|5,8
2010092@2010-08-09 20:30:00@2,15,29,30,34|2,12
2010091@2010-08-07 20:30:00@6,10,23,26,31|5,7
2010090@2010-08-04 20:30:00@8,24,26,31,32|7,9
2010089@2010-08-02 20:30:00@4,10,13,18,23|8,10
2010088@2010-07-31 20:30:00@3,5,14,30,35|3,6
2010087@2010-07-28 20:30:00@1,12,20,21,24|2,8
2010086@2010-07-26 20:30:00@1,2,12,19,35|5,7
2010085@2010-07-24 20:30:00@2,10,16,18,34|2,3
2010084@2010-07-21 20:30:00@3,13,14,22,26|2,5
2010083@2010-07-19 20:30:00@7,11,21,22,35|4,7
2010082@2010-07-17 20:30:00@5,8,24,29,30|4,6
2010081@2010-07-14 20:30:00@14,18,20,24,27|5,10
2010080@2010-07-12 20:30:00@8,19,27,29,34|4,10
2010079@2010-07-10 20:30:00@1,4,21,22,24|2,5
2010078@2010-07-07 20:30:00@2,3,15,28,35|1,11
2010077@2010-07-05 20:30:00@6,7,9,17,24|2,12
2010076@2010-07-03 20:30:00@9,12,16,19,35|2,12
2010075@2010-06-30 20:30:00@10,12,17,23,27|5,7
2010074@2010-06-28 20:30:00@3,7,20,27,32|2,12
2010073@2010-06-26 20:30:00@4,9,11,30,32|1,11
2010072@2010-06-23 20:30:00@5,10,17,23,25|3,10
2010071@2010-06-21 20:30:00@7,12,26,30,32|2,7
2010070@2010-06-19 20:30:00@5,14,23,25,28|11,12
2010069@2010-06-16 20:30:00@6,17,18,25,29|8,9
2010068@2010-06-14 20:30:00@11,17,19,20,34|6,10
2010067@2010-06-12 20:30:00@1,11,19,30,32|3,10
2010066@2010-06-09 20:30:00@15,21,22,24,27|1,6
2010065@2010-06-07 20:30:00@5,8,13,14,32|8,11
2010064@2010-06-05 20:30:00@7,10,12,20,21|6,9
2010063@2010-06-02 20:30:00@7,14,16,30,31|3,6
2010062@2010-05-31 20:30:00@6,7,18,30,31|7,8
2010061@2010-05-29 20:30:00@5,12,14,17,22|5,7
2010060@2010-05-26 20:30:00@10,13,22,33,34|1,5
2010059@2010-05-24 20:30:00@6,10,14,25,34|1,3
2010058@2010-05-22 20:30:00@6,15,17,19,30|1,12
2010057@2010-05-19 20:30:00@15,17,24,32,35|7,9
2010056@2010-05-17 20:30:00@5,9,23,25,30|9,12
2010055@2010-05-15 20:30:00@13,14,17,27,32|2,10
2010054@2010-05-12 20:30:00@12,25,29,30,33|10,11
2010053@2010-05-10 20:30:00@9,19,22,26,34|9,11
2010052@2010-05-08 20:30:00@4,6,25,29,32|5,6
2010051@2010-05-05 20:30:00@6,10,20,24,32|6,10
2010050@2010-05-03 20:30:00@7,8,15,30,35|5,10
2010049@2010-05-01 20:30:00@1,25,29,31,33|4,10
2010048@2010-04-28 20:30:00@2,3,10,12,25|3,9
2010047@2010-04-26 20:30:00@4,8,11,30,31|2,8
2010046@2010-04-24 20:30:00@2,15,19,26,27|5,6
2010045@2010-04-21 20:30:00@8,17,18,20,28|9,10
2010044@2010-04-19 20:30:00@6,21,24,28,30|2,7
2010043@2010-04-17 20:30:00@5,8,10,33,35|2,10
2010042@2010-04-14 20:30:00@1,5,19,34,35|6,7
2010041@2010-04-12 20:30:00@16,22,28,29,34|4,12
2010040@2010-04-10 20:30:00@13,20,26,31,35|2,11
2010039@2010-04-07 20:30:00@7,19,26,28,32|1,8
2010038@2010-04-05 20:30:00@8,10,25,29,33|1,2
2010037@2010-04-03 20:30:00@19,21,26,34,35|1,9
2010036@2010-03-31 20:30:00@19,25,28,31,33|1,8
2010035@2010-03-29 20:30:00@14,16,20,31,34|1,7
2010034@2010-03-27 20:30:00@1,6,19,25,26|3,9
2010033@2010-03-24 20:30:00@12,19,28,29,30|5,8
2010032@2010-03-22 20:30:00@13,16,23,24,33|7,11
2010031@2010-03-20 20:30:00@5,13,16,17,35|6,8
2010030@2010-03-17 20:30:00@10,12,19,32,35|2,7
2010029@2010-03-15 20:30:00@21,22,33,34,35|3,4
2010028@2010-03-13 20:30:00@1,2,7,20,35|1,3
2010027@2010-03-10 20:30:00@5,23,26,32,34|2,9
2010026@2010-03-08 20:30:00@5,23,25,31,35|7,10
2010025@2010-03-06 20:30:00@9,11,13,14,25|1,7
2010024@2010-03-03 20:30:00@3,14,19,24,25|4,11
2010023@2010-03-01 20:30:00@11,13,29,32,33|2,8
2010022@2010-02-27 20:30:00@2,11,13,14,25|2,5
2010021@2010-02-24 20:30:00@11,20,23,24,25|7,9
2010020@2010-02-22 20:30:00@8,18,26,32,33|1,6
2010019@2010-02-20 20:30:00@3,11,19,26,27|2,9
2010018@2010-02-10 20:30:00@3,10,26,32,33|4,12
2010017@2010-02-08 20:30:00@13,21,23,27,34|9,12
2010016@2010-02-06 20:30:00@10,12,20,23,32|4,10
2010015@2010-02-03 20:30:00@3,10,14,18,28|8,10
2010014@2010-02-01 20:30:00@18,19,30,33,35|2,4
2010013@2010-01-30 20:30:00@18,21,22,26,34|9,12
2010012@2010-01-27 20:30:00@20,24,30,31,33|5,12
2010011@2010-01-25 20:30:00@2,3,11,27,32|8,11
2010010@2010-01-23 20:30:00@15,22,24,32,35|2,9
2010009@2010-01-20 20:30:00@2,5,13,27,32|3,11
2010008@2010-01-18 20:30:00@11,23,25,31,32|5,11
2010007@2010-01-16 20:30:00@7,23,26,29,32|8,11
2010006@2010-01-13 20:30:00@3,13,19,30,34|2,5
2010005@2010-01-11 20:30:00@4,17,19,22,30|2,3
2010004@2010-01-09 20:30:00@3,6,21,24,34|4,6
2010003@2010-01-06 20:30:00@5,14,23,27,30|2,8
2010002@2010-01-04 20:30:00@4,23,25,26,30|7,10
2010001@2010-01-02 20:30:00@2,6,7,12,27|2,8
2009153@2009-12-30 20:30:00@21,22,30,32,34|3,7
2009152@2009-12-28 20:30:00@1,23,29,30,32|7,12
2009151@2009-12-26 20:30:00@3,8,14,30,31|4,9
2009150@2009-12-23 20:30:00@4,11,18,25,34|5,7
2009149@2009-12-21 20:30:00@1,3,10,12,20|2,7
2009148@2009-12-19 20:30:00@2,4,13,14,33|1,9
2009147@2009-12-16 20:30:00@6,12,18,22,29|5,8
2009146@2009-12-14 20:30:00@11,17,23,24,25|3,6
2009145@2009-12-12 20:30:00@5,11,14,22,35|3,10
2009144@2009-12-09 20:30:00@18,26,32,33,34|4,6
2009143@2009-12-07 20:30:00@1,9,10,11,22|1,12
2009142@2009-12-05 20:30:00@5,6,13,24,31|3,11
2009141@2009-12-02 20:30:00@13,14,21,30,33|2,8
2009140@2009-11-30 20:30:00@7,8,19,26,30|1,12
2009139@2009-11-28 20:30:00@14,16,20,22,32|5,9
2009138@2009-11-25 20:30:00@3,4,14,28,32|9,10
2009137@2009-11-23 20:30:00@12,28,29,30,34|1,9
2009136@2009-11-21 20:30:00@7,13,23,24,29|6,10
2009135@2009-11-18 20:30:00@6,8,15,20,32|5,6
2009134@2009-11-16 20:30:00@2,16,19,28,33|7,11
2009133@2009-11-14 20:30:00@1,8,24,27,34|10,11
2009132@2009-11-11 20:30:00@2,10,12,15,28|4,7
2009131@2009-11-09 20:30:00@2,3,8,33,34|3,11
2009130@2009-11-07 20:30:00@9,14,25,32,34|2,8
2009129@2009-11-04 20:30:00@2,10,18,32,33|3,8
2009128@2009-11-02 20:30:00@6,21,28,32,34|4,7
2009127@2009-10-31 20:30:00@5,9,27,32,34|5,8
2009126@2009-10-28 20:30:00@14,23,27,28,33|8,12
2009125@2009-10-26 20:30:00@8,20,23,29,31|2,11
2009124@2009-10-24 20:30:00@1,3,14,32,35|7,11
2009123@2009-10-21 20:30:00@10,21,28,29,32|6,10
2009122@2009-10-19 20:30:00@1,2,11,31,33|5,6
2009121@2009-10-17 20:30:00@4,5,8,11,22|2,10
2009120@2009-10-14 20:30:00@11,23,27,28,32|2,5
2009119@2009-10-12 20:30:00@3,12,22,23,28|4,12
2009118@2009-10-10 20:30:00@10,17,18,21,34|5,11
2009117@2009-10-07 20:30:00@7,21,29,31,33|9,10
2009116@2009-10-05 20:30:00@12,15,23,30,33|9,12
2009115@2009-10-03 20:30:00@1,2,6,8,26|5,12
2009114@2009-09-30 20:30:00@2,8,25,29,33|3,7
2009113@2009-09-28 20:30:00@3,4,10,18,27|6,8
2009112@2009-09-26 20:30:00@2,8,12,34,35|4,5
2009111@2009-09-23 20:30:00@4,11,13,19,35|10,12
2009110@2009-09-21 20:30:00@22,28,30,31,34|7,9
2009109@2009-09-19 20:30:00@2,11,13,26,35|6,10
2009108@2009-09-16 20:30:00@1,9,14,29,30|7,10
2009107@2009-09-14 20:30:00@11,12,33,34,35|1,10
2009106@2009-09-12 20:30:00@11,21,22,25,34|6,9
2009105@2009-09-09 20:30:00@1,25,26,34,35|6,11
2009104@2009-09-07 20:30:00@15,25,29,32,33|10,11
2009103@2009-09-05 20:30:00@16,20,28,32,33|1,2
2009102@2009-09-02 20:30:00@11,13,29,32,35|10,12
2009101@2009-08-31 20:30:00@2,10,14,22,26|4,9
2009100@2009-08-29 20:30:00@16,20,25,29,33|1,8
2009099@2009-08-26 20:30:00@3,9,21,23,33|6,10
2009098@2009-08-24 20:30:00@11,17,19,25,26|2,10
2009097@2009-08-22 20:30:00@6,13,14,22,25|1,4
2009096@2009-08-19 20:30:00@7,12,28,32,33|1,3
2009095@2009-08-17 20:30:00@8,18,24,30,33|1,6
2009094@2009-08-15 20:30:00@1,5,21,23,29|5,12
2009093@2009-08-12 20:30:00@7,9,22,30,33|9,11
2009092@2009-08-10 20:30:00@10,21,22,27,29|8,12
2009091@2009-08-08 20:30:00@1,5,17,32,34|3,7
2009090@2009-08-05 20:30:00@18,25,30,33,34|4,10
2009089@2009-08-03 20:30:00@3,6,11,19,27|2,7
2009088@2009-08-01 20:30:00@13,16,27,32,34|3,9
2009087@2009-07-29 20:30:00@10,24,28,30,33|1,10
2009086@2009-07-27 20:30:00@1,2,7,26,29|10,12
2009085@2009-07-25 20:30:00@6,13,27,33,34|9,12
2009084@2009-07-22 20:30:00@5,9,19,26,35|2,10
2009083@2009-07-20 20:30:00@2,5,28,34,35|1,7
2009082@2009-07-18 20:30:00@5,11,26,29,32|8,11
2009081@2009-07-15 20:30:00@2,15,20,25,33|3,6
2009080@2009-07-13 20:30:00@7,16,19,29,35|2,11
2009079@2009-07-11 20:30:00@1,2,7,13,34|4,10
2009078@2009-07-08 20:30:00@11,23,26,31,34|5,11
2009077@2009-07-06 20:30:00@7,20,28,32,34|6,8
2009076@2009-07-04 20:30:00@3,9,11,18,24|4,5
2009075@2009-07-01 20:30:00@1,7,11,32,33|9,11
2009074@2009-06-29 20:30:00@15,17,19,23,32|1,11
2009073@2009-06-27 20:30:00@1,10,19,21,30|1,4
2009072@2009-06-24 20:30:00@23,26,29,32,33|5,10
2009071@2009-06-22 20:30:00@4,20,29,30,33|2,11
2009070@2009-06-20 20:30:00@10,21,24,30,31|3,10
2009069@2009-06-17 20:30:00@14,16,27,30,33|8,12
2009068@2009-06-15 20:30:00@2,12,15,20,28|1,12
2009067@2009-06-13 20:30:00@3,6,25,28,32|2,5
2009066@2009-06-10 20:30:00@1,8,19,24,31|6,12
2009065@2009-06-08 20:30:00@1,12,24,27,32|2,11
2009064@2009-06-06 20:30:00@6,10,11,17,34|11,12
2009063@2009-06-03 20:30:00@5,6,18,21,22|1,7
2009062@2009-06-01 20:30:00@4,22,23,29,31|5,11
2009061@2009-05-30 20:30:00@2,10,21,26,34|2,10
2009060@2009-05-27 20:30:00@18,28,29,30,31|4,8
2009059@2009-05-25 20:30:00@2,13,14,29,33|4,11
2009058@2009-05-23 20:30:00@8,10,14,27,32|2,7
2009057@2009-05-20 20:30:00@6,15,22,27,30|2,9
2009056@2009-05-18 20:30:00@4,13,17,32,35|3,6
2009055@2009-05-16 20:30:00@5,8,14,23,24|5,6
2009054@2009-05-13 20:30:00@2,12,19,29,30|7,12
2009053@2009-05-11 20:30:00@5,9,24,31,33|5,6
2009052@2009-05-09 20:30:00@23,24,30,34,35|1,3
2009051@2009-05-06 20:30:00@3,11,22,26,29|5,12
2009050@2009-05-04 20:30:00@5,15,28,32,33|8,9
2009049@2009-05-02 20:30:00@5,16,28,29,34|11,12
2009048@2009-04-29 20:30:00@5,6,22,25,27|11,12
2009047@2009-04-27 20:30:00@13,18,21,24,29|3,6
2009046@2009-04-25 20:30:00@1,9,24,34,35|4,9
2009045@2009-04-22 20:30:00@1,9,14,24,35|6,9
2009044@2009-04-20 20:30:00@1,7,18,29,34|3,9
2009043@2009-04-18 20:30:00@5,21,22,32,35|2,5
2009042@2009-04-15 20:30:00@11,24,25,26,31|2,7
2009041@2009-04-13 20:30:00@5,9,20,23,29|4,10
2009040@2009-04-11 20:30:00@3,16,30,32,33|1,10
2009039@2009-04-08 20:30:00@1,3,7,10,33|3,4
2009038@2009-04-06 20:30:00@6,17,20,29,32|4,5
2009037@2009-04-04 20:30:00@17,18,19,25,31|1,11
2009036@2009-04-01 20:30:00@2,12,26,31,33|9,10
2009035@2009-03-30 20:30:00@3,7,9,28,33|3,8
2009034@2009-03-28 20:30:00@5,19,31,32,35|4,9
2009033@2009-03-25 20:30:00@2,8,18,21,32|8,11
2009032@2009-03-23 20:30:00@4,12,20,26,29|6,10
2009031@2009-03-21 20:30:00@7,11,19,21,22|1,11
2009030@2009-03-18 20:30:00@1,7,27,30,32|1,4
2009029@2009-03-16 20:30:00@3,4,13,17,24|4,11
2009028@2009-03-14 20:30:00@6,20,30,32,35|9,11
2009027@2009-03-11 20:30:00@3,22,26,33,34|9,10
2009026@2009-03-09 20:30:00@24,30,31,32,34|10,12
2009025@2009-03-07 20:30:00@3,17,22,23,33|4,10
2009024@2009-03-04 20:30:00@29,31,32,33,35|10,11
2009023@2009-03-02 20:30:00@15,17,21,27,33|7,11
2009022@2009-02-28 20:30:00@12,14,17,34,35|4,11
2009021@2009-02-25 20:30:00@1,15,31,32,34|3,8
2009020@2009-02-23 20:30:00@5,16,18,32,35|2,11
2009019@2009-02-21 20:30:00@4,29,31,32,35|4,10
2009018@2009-02-18 20:30:00@1,6,13,28,29|3,9
2009017@2009-02-16 20:30:00@5,11,23,26,33|4,12
2009016@2009-02-14 20:30:00@10,11,20,26,27|9,11
2009015@2009-02-11 20:30:00@1,5,10,16,27|3,4
2009014@2009-02-09 20:30:00@8,14,15,25,26|7,9
2009013@2009-02-07 20:30:00@5,24,26,30,35|5,12
2009012@2009-02-04 20:30:00@2,5,20,25,31|10,12
2009011@2009-02-02 20:30:00@2,11,13,14,21|2,4
2009010@2009-01-24 20:30:00@2,9,12,21,29|7,11
2009009@2009-01-21 20:30:00@12,18,23,26,32|6,9
2009008@2009-01-19 20:30:00@4,17,21,29,31|2,12
2009007@2009-01-17 20:30:00@6,14,15,29,35|6,11
2009006@2009-01-14 20:30:00@2,4,22,31,35|9,12
2009005@2009-01-12 20:30:00@10,11,15,31,32|5,8
2009004@2009-01-10 20:30:00@1,3,22,32,35|6,10
2009003@2009-01-07 20:30:00@16,18,23,30,32|2,11
2009002@2009-01-05 20:30:00@1,4,7,12,30|5,10
2009001@2009-01-03 20:30:00@1,15,23,27,30|4,10
2008154@2008-12-31 20:30:00@5,7,10,29,32|4,6
2008153@2008-12-29 20:30:00@2,4,6,25,26|2,5
2008152@2008-12-27 20:30:00@3,5,14,20,33|7,11
2008151@2008-12-24 20:30:00@7,10,27,31,34|8,9
2008150@2008-12-22 20:30:00@1,9,10,15,25|3,8
2008149@2008-12-20 20:30:00@2,5,6,27,29|3,4
2008148@2008-12-17 20:30:00@3,7,20,33,35|4,7
2008147@2008-12-15 20:30:00@16,18,19,24,35|11,12
2008146@2008-12-13 20:30:00@9,23,24,26,33|7,12
2008145@2008-12-10 20:30:00@5,16,27,29,30|5,11
2008144@2008-12-08 20:30:00@10,19,27,28,33|5,12
2008143@2008-12-06 20:30:00@1,2,22,29,32|1,4
2008142@2008-12-03 20:30:00@6,18,21,30,35|8,9
2008141@2008-12-01 20:30:00@9,15,18,30,34|4,5
2008140@2008-11-29 20:30:00@2,9,11,29,32|8,9
2008139@2008-11-26 20:30:00@1,6,10,14,22|6,8
2008138@2008-11-24 20:30:00@4,5,18,22,35|7,8
2008137@2008-11-22 20:30:00@1,10,25,32,35|5,9
2008136@2008-11-19 20:30:00@3,28,29,32,34|1,6
2008135@2008-11-17 20:30:00@7,22,25,29,33|1,12
2008134@2008-11-15 20:30:00@11,13,15,28,35|8,10
2008133@2008-11-12 20:30:00@10,12,15,33,35|3,9
2008132@2008-11-10 20:30:00@6,14,24,27,29|5,9
2008131@2008-11-08 20:30:00@8,9,12,21,32|7,11
2008130@2008-11-05 20:30:00@3,5,22,29,34|7,12
2008129@2008-11-03 20:30:00@13,16,20,25,27|4,5
2008128@2008-11-01 20:30:00@12,15,23,24,25|10,11
2008127@2008-10-29 20:30:00@8,21,22,31,33|1,7
2008126@2008-10-27 20:30:00@9,29,32,34,35|1,8
2008125@2008-10-25 20:30:00@1,4,28,33,34|6,11
2008124@2008-10-22 20:30:00@2,10,13,29,33|6,10
2008123@2008-10-20 20:30:00@1,6,12,28,31|8,9
2008122@2008-10-18 20:30:00@3,6,12,20,29|9,12
2008121@2008-10-15 20:30:00@11,23,24,32,35|4,10
2008120@2008-10-13 20:30:00@21,23,24,25,32|3,4
2008119@2008-10-11 20:30:00@1,2,10,19,27|1,11
2008118@2008-10-08 20:30:00@6,9,19,25,30|6,12
2008117@2008-10-06 20:30:00@13,23,24,25,30|2,8
2008116@2008-10-04 20:30:00@6,8,15,24,31|1,3
2008115@2008-10-01 20:30:00@7,9,19,21,33|7,10
2008114@2008-09-29 20:30:00@2,3,22,27,31|6,7
2008113@2008-09-27 20:30:00@11,14,17,19,22|1,8
2008112@2008-09-24 20:30:00@4,18,26,32,33|5,8
2008111@2008-09-22 20:30:00@2,11,12,14,19|5,9
2008110@2008-09-20 20:30:00@5,16,25,27,33|4,9
2008109@2008-09-17 20:30:00@1,10,18,28,34|5,8
2008108@2008-09-15 20:30:00@11,16,24,29,32|9,11
2008107@2008-09-13 20:30:00@1,2,13,15,16|4,9
2008106@2008-09-10 20:30:00@3,5,21,28,33|2,6
2008105@2008-09-08 20:30:00@12,21,22,26,35|4,5
2008104@2008-09-06 20:30:00@7,8,10,24,34|8,11
2008103@2008-09-03 20:30:00@2,11,22,30,34|4,9
2008102@2008-09-01 20:30:00@5,25,26,29,35|3,10
2008101@2008-08-30 20:30:00@10,13,23,31,33|4,11
2008100@2008-08-27 20:30:00@12,20,26,29,30|2,6
2008099@2008-08-25 20:30:00@3,18,23,25,30|6,10
2008098@2008-08-23 20:30:00@7,10,22,27,33|4,8
2008097@2008-08-20 20:30:00@1,10,31,33,35|3,10
2008096@2008-08-18 20:30:00@6,7,12,25,28|2,12
2008095@2008-08-16 20:30:00@3,4,11,21,25|1,7
2008094@2008-08-13 20:30:00@7,12,19,27,34|11,12
2008093@2008-08-11 20:30:00@6,7,10,24,30|5,8
2008092@2008-08-09 20:30:00@3,23,26,32,34|4,9
2008091@2008-08-06 20:30:00@9,13,19,22,25|4,10
2008090@2008-08-04 20:30:00@4,11,18,33,34|2,6
2008089@2008-08-02 20:30:00@8,13,24,32,33|3,9
2008088@2008-07-30 20:30:00@7,11,19,27,31|2,3
2008087@2008-07-28 20:30:00@14,22,32,33,35|1,5
2008086@2008-07-26 20:30:00@1,6,10,22,35|3,7
2008085@2008-07-23 20:30:00@3,7,13,15,19|2,10
2008084@2008-07-21 20:30:00@2,17,20,22,25|5,11
2008083@2008-07-19 20:30:00@6,14,15,30,31|3,10
2008082@2008-07-16 20:30:00@15,19,29,33,35|1,2
2008081@2008-07-14 20:30:00@7,8,20,22,29|4,7
2008080@2008-07-12 20:30:00@6,9,29,31,33|5,11
2008079@2008-07-09 20:30:00@20,23,26,32,33|5,12
2008078@2008-07-07 20:30:00@8,17,20,28,31|7,11
2008077@2008-07-05 20:30:00@1,8,21,33,34|5,7
2008076@2008-07-02 20:30:00@3,5,10,27,34|1,12
2008075@2008-06-30 20:30:00@1,10,13,30,33|6,7
2008074@2008-06-28 20:30:00@10,13,22,31,35|4,12
2008073@2008-06-25 20:30:00@2,5,6,7,31|8,10
2008072@2008-06-23 20:30:00@10,25,32,33,34|3,9
2008071@2008-06-21 20:30:00@1,5,11,14,25|1,9
2008070@2008-06-18 20:30:00@9,17,18,21,31|1,5
2008069@2008-06-16 20:30:00@5,13,16,29,33|6,8
2008068@2008-06-14 20:30:00@6,9,11,33,34|6,10
2008067@2008-06-11 20:30:00@3,10,14,15,22|4,7
2008066@2008-06-09 20:30:00@2,7,21,22,25|4,12
2008065@2008-06-07 20:30:00@19,22,23,25,32|6,12
2008064@2008-06-04 20:30:00@14,18,24,27,31|6,7
2008063@2008-06-02 20:30:00@7,11,24,30,35|6,8
2008062@2008-05-31 20:30:00@1,15,27,28,29|3,10
2008061@2008-05-28 20:30:00@7,10,14,19,32|3,6
2008060@2008-05-26 20:30:00@3,13,17,23,30|1,11
2008059@2008-05-24 20:30:00@7,13,21,25,31|8,10
2008058@2008-05-21 20:30:00@3,9,11,29,33|3,12
2008057@2008-05-19 20:30:00@5,8,9,17,33|5,6
2008056@2008-05-17 20:30:00@15,19,25,30,31|3,9
2008055@2008-05-14 20:30:00@2,14,28,30,35|4,12
2008054@2008-05-12 20:30:00@5,14,23,31,35|2,6
2008053@2008-05-10 20:30:00@1,13,21,23,32|3,6
2008052@2008-05-07 20:30:00@3,18,19,30,35|5,9
2008051@2008-05-05 20:30:00@1,7,9,11,33|3,11
2008050@2008-05-03 20:30:00@1,5,11,26,27|3,7
2008049@2008-04-30 20:30:00@1,11,14,28,30|3,10
2008048@2008-04-28 20:30:00@1,13,22,25,27|2,10
2008047@2008-04-26 20:30:00@12,18,22,23,30|6,12
2008046@2008-04-23 20:30:00@11,25,26,27,35|7,8
2008045@2008-04-21 20:30:00@14,32,33,34,35|2,4
2008044@2008-04-19 20:30:00@2,21,23,27,32|10,11
2008043@2008-04-16 20:30:00@5,8,10,31,33|2,4
2008042@2008-04-14 20:30:00@5,10,13,32,35|4,5
2008041@2008-04-12 20:30:00@7,17,21,22,28|5,10
2008040@2008-04-09 20:30:00@4,8,19,22,29|8,11
2008039@2008-04-07 20:30:00@7,11,15,27,35|4,7
2008038@2008-04-05 20:30:00@12,13,19,32,33|2,10
2008037@2008-04-02 20:30:00@11,20,24,31,35|4,10
2008036@2008-03-31 20:30:00@9,19,22,30,32|1,10
2008035@2008-03-29 20:30:00@2,12,13,29,30|5,7
2008034@2008-03-26 20:30:00@6,7,18,34,35|5,10
2008033@2008-03-24 20:30:00@3,10,21,23,30|1,9
2008032@2008-03-22 20:30:00@3,9,19,27,33|9,10
2008031@2008-03-19 20:30:00@14,20,23,27,28|2,4
2008030@2008-03-17 20:30:00@3,21,23,26,35|5,8
2008029@2008-03-15 20:30:00@6,11,18,29,30|4,11
2008028@2008-03-12 20:30:00@3,11,17,19,26|7,12
2008027@2008-03-10 20:30:00@5,17,23,31,32|4,8
2008026@2008-03-08 20:30:00@1,21,22,24,25|8,10
2008025@2008-03-05 20:30:00@6,10,12,15,28|4,12
2008024@2008-03-03 20:30:00@8,12,17,20,30|1,2
2008023@2008-03-01 20:30:00@6,26,31,32,34|7,10
2008022@2008-02-27 20:30:00@9,12,13,25,31|8,10
2008021@2008-02-25 20:30:00@5,10,13,21,24|4,9
2008020@2008-02-23 20:30:00@4,5,15,17,33|4,8
2008019@2008-02-20 20:30:00@8,24,25,29,31|4,5
2008018@2008-02-18 20:30:00@3,6,7,11,30|2,3
2008017@2008-02-16 20:30:00@2,14,25,29,32|1,6
2008016@2008-02-13 20:30:00@8,10,11,17,19|6,9
2008015@2008-02-04 20:30:00@9,18,20,27,33|6,9
2008014@2008-02-02 20:30:00@4,7,10,28,34|1,6
2008013@2008-01-30 20:30:00@1,11,19,22,35|5,9
2008012@2008-01-28 20:30:00@2,10,29,32,35|2,3
2008011@2008-01-26 20:30:00@14,20,22,24,27|7,10
2008010@2008-01-23 20:30:00@6,23,24,27,29|6,8
2008009@2008-01-21 20:30:00@4,8,12,24,30|5,8
2008008@2008-01-19 20:30:00@2,6,8,17,32|8,9
2008007@2008-01-16 20:30:00@3,4,5,12,28|3,12
2008006@2008-01-14 20:30:00@10,12,26,29,34|5,7
2008005@2008-01-12 20:30:00@18,25,29,31,34|9,10
2008004@2008-01-09 20:30:00@9,22,24,31,33|8,9
2008003@2008-01-07 20:30:00@1,11,13,32,35|2,7
2008002@2008-01-05 20:30:00@1,12,24,31,32|10,12
2008001@2008-01-02 20:30:00@1,2,11,34,35|3,10
2007093@2007-12-31 20:30:00@6,8,16,25,27|8,12
2007092@2007-12-29 20:30:00@6,19,27,28,29|6,10
2007091@2007-12-26 20:30:00@7,12,26,31,32|3,8
2007090@2007-12-24 20:30:00@4,20,24,31,33|9,12
2007089@2007-12-22 20:30:00@8,13,24,30,34|1,12
2007088@2007-12-19 20:30:00@17,18,21,23,33|6,10
2007087@2007-12-17 20:30:00@8,18,30,31,33|4,9
2007086@2007-12-15 20:30:00@14,18,19,26,28|3,9
2007085@2007-12-12 20:30:00@17,24,28,29,33|2,5
2007084@2007-12-10 20:30:00@5,11,18,29,34|10,11
2007083@2007-12-08 20:30:00@1,5,20,21,24|3,4
2007082@2007-12-05 20:30:00@3,5,14,33,34|7,8
2007081@2007-12-03 20:30:00@6,18,20,22,35|4,9
2007080@2007-12-01 20:30:00@1,15,20,25,27|5,10
2007079@2007-11-28 20:30:00@6,9,25,26,31|2,8
2007078@2007-11-26 20:30:00@9,12,14,22,23|1,2
2007077@2007-11-24 20:30:00@4,6,12,13,24|1,4
2007076@2007-11-21 20:30:00@2,9,12,15,31|9,10
2007075@2007-11-19 20:30:00@5,11,20,30,32|7,11
2007074@2007-11-17 20:30:00@16,17,23,24,31|5,10
2007073@2007-11-14 20:30:00@4,5,9,12,23|2,11
2007072@2007-11-12 20:30:00@21,24,26,27,33|1,5
2007071@2007-11-10 20:30:00@10,22,32,33,35|1,7
2007070@2007-11-07 20:30:00@7,26,29,30,35|3,4
2007069@2007-11-05 20:30:00@2,13,16,21,35|1,5
2007068@2007-11-03 20:30:00@4,9,13,14,33|6,10
2007067@2007-10-31 20:30:00@11,18,25,30,31|4,9
2007066@2007-10-29 20:30:00@4,7,8,19,24|7,12
2007065@2007-10-27 20:30:00@19,20,24,29,31|9,10
2007064@2007-10-24 20:30:00@2,16,32,33,35|5,10
2007063@2007-10-22 20:30:00@10,31,33,34,35|7,12
2007062@2007-10-20 20:30:00@1,4,10,14,29|11,12
2007061@2007-10-17 20:30:00@2,10,19,28,29|2,9
2007060@2007-10-15 20:30:00@12,13,29,30,31|4,7
2007059@2007-10-13 20:30:00@4,15,23,31,33|3,9
2007058@2007-10-10 20:30:00@8,21,25,28,33|2,6
2007057@2007-10-08 20:30:00@14,16,30,32,35|6,7
2007056@2007-10-06 20:30:00@4,11,17,20,21|5,9
2007055@2007-10-03 20:30:00@10,16,24,31,33|7,10
2007054@2007-10-01 20:30:00@4,10,19,29,34|3,6
2007053@2007-09-29 20:30:00@11,16,19,21,25|1,10
2007052@2007-09-26 20:30:00@1,14,29,32,33|5,10
2007051@2007-09-24 20:30:00@3,7,24,28,35|8,11
2007050@2007-09-22 20:30:00@13,21,22,30,35|1,11
2007049@2007-09-19 20:30:00@9,10,15,17,32|4,6
2007048@2007-09-17 20:30:00@8,25,26,29,35|6,8
2007047@2007-09-15 20:30:00@1,6,15,19,35|2,9
2007046@2007-09-12 20:30:00@4,16,18,23,30|1,10
2007045@2007-09-10 20:30:00@9,16,20,26,35|11,12
2007044@2007-09-08 20:30:00@4,5,7,12,26|1,10
2007043@2007-09-05 20:30:00@4,9,22,24,31|2,6
2007042@2007-09-03 20:30:00@7,10,22,31,35|5,6
2007041@2007-09-01 20:30:00@3,16,17,22,35|1,8
2007040@2007-08-29 20:30:00@5,21,25,28,35|1,4
2007039@2007-08-27 20:30:00@10,11,20,21,35|7,11
2007038@2007-08-25 20:30:00@6,21,25,27,32|8,9
2007037@2007-08-22 20:30:00@1,6,7,17,31|11,12
2007036@2007-08-20 20:30:00@15,18,21,27,34|1,2
2007035@2007-08-18 20:30:00@7,11,16,31,32|1,12
2007034@2007-08-15 20:30:00@6,8,11,13,22|2,11
2007033@2007-08-13 20:30:00@1,5,8,14,22|3,12
2007032@2007-08-11 20:30:00@1,13,21,23,32|4,11
2007031@2007-08-08 20:30:00@3,21,27,31,32|6,8
2007030@2007-08-06 20:30:00@11,14,27,33,35|2,7
2007029@2007-08-04 20:30:00@15,22,25,29,35|9,11
2007028@2007-08-01 20:30:00@20,26,30,34,35|3,10
2007027@2007-07-30 20:30:00@2,3,10,19,27|6,10
2007026@2007-07-28 20:30:00@5,9,13,33,35|1,8
2007025@2007-07-25 20:30:00@22,24,26,27,34|2,10
2007024@2007-07-23 20:30:00@6,16,20,25,31|4,9
2007023@2007-07-21 20:30:00@8,10,23,32,34|8,10
2007022@2007-07-18 20:30:00@8,10,12,23,25|3,10
2007021@2007-07-16 20:30:00@2,4,24,29,33|1,2
2007020@2007-07-14 20:30:00@2,6,11,12,18|5,12
2007019@2007-07-11 20:30:00@3,6,17,22,23|4,6
2007018@2007-07-09 20:30:00@3,4,16,23,28|6,9
2007017@2007-07-07 20:30:00@13,14,29,32,34|3,12
2007016@2007-07-04 20:30:00@1,14,19,24,31|3,12
2007015@2007-07-02 20:30:00@2,8,12,13,17|11,12
2007014@2007-06-30 20:30:00@1,2,7,29,32|6,7
2007013@2007-06-27 20:30:00@12,17,27,29,34|6,9
2007012@2007-06-25 20:30:00@3,12,15,29,34|7,11
2007011@2007-06-23 20:30:00@29,32,33,34,35|9,10
2007010@2007-06-20 20:30:00@6,8,18,29,34|9,11
2007009@2007-06-18 20:30:00@1,3,9,19,34|9,12
2007008@2007-06-16 20:30:00@2,8,11,21,23|4,7
2007007@2007-06-13 20:30:00@14,16,25,26,35|4,9
2007006@2007-06-11 20:30:00@1,16,20,23,28|3,6
2007005@2007-06-09 20:30:00@1,9,19,20,30|2,11
2007004@2007-06-06 20:30:00@6,10,16,17,25|2,4
2007003@2007-06-04 20:30:00@3,4,18,23,32|1,6
2007002@2007-06-02 20:30:00@15,22,31,34,35|5,12
2007001@2007-05-30 20:30:00@22,24,29,31,35|4,11
