古灵精怪:5,7,8,9,10,17,18,20,22,23,27,33|3,6,10
德胜:2,3,7,8,12,14,19,27,28,29,30,32|5,12,15
中彩昭明:1,3,4,9,13,14,16,19,25,26,29,31|6,10,16
千年老二:4,6,9,10,12,16,19,20,22,25,29,30|3,5,7
小神通:2,3,4,7,12,18,19,20,23,24,25,33|10,11,16
东北老李:1,3,5,8,11,15,16,20,23,24,30,33|5,12,16
双人组:6,7,11,14,18,19,24,27,28,30,31,33|4,10,15
三人小组:3,7,9,10,15,20,21,23,25,27,29,31|9,10,13
小财神:1,2,3,4,11,12,15,16,20,23,28,32|7,8,15
南门城楼:3,8,9,12,13,17,21,23,25,26,29,32|3,4,11
中彩king:2,4,5,6,9,10,11,15,17,25,26,27|10,11,14
齐天大圣:1,7,10,13,16,17,20,25,27,28,30,31|3,6,9
军辉:1,3,6,7,15,18,19,20,23,24,28,31|7,11,12
高手的姐:3,4,7,9,12,16,18,20,25,26,29,30|2,3,12
aming8889888:4,5,6,9,10,11,12,13,14,15,16,17|8,9,11
擂台探花:1,4,7,14,15,16,18,19,20,21,22,28|3,12,15