小财神:1,2,3,6,11,12,14,15,20,22,28,33|11,13,16
齐天大圣:1,3,8,14,16,17,24,26,27,29,32,33|2,7,12
古灵精怪:3,4,7,10,11,15,21,22,27,28,29,31|9,10,11
东北老李:1,2,3,8,9,10,11,14,15,20,23,26|6,13,15
南天一注:2,5,8,15,16,20,24,25,26,28,30,32|1,15,16
军辉:1,6,7,9,16,18,19,21,24,25,32,33|3,5,7
德胜:2,3,6,10,14,16,20,21,22,23,31,32|7,12,14
阿拉丁:1,5,8,10,15,16,17,19,21,24,30,33|4,13,16
中彩昭明:4,6,8,13,16,17,21,24,26,27,28,29|10,15,16
aming8889888:7,11,12,13,19,20,22,24,26,28,31,32|8,12,14
三人小组:5,6,7,9,12,13,20,22,27,28,29,32|6,8,10
小水瓶2018:1,2,7,12,13,14,18,19,20,25,29,30|3,11,16
高手的姐:2,4,6,9,12,15,16,20,25,26,29,32|5,7,8
开平碉楼:1,5,7,10,12,14,15,19,20,21,22,32|1,8,13
锅子之锄禾:2,3,10,15,16,17,21,22,23,26,27,28|2,5,8
双人组:1,3,4,8,12,13,20,21,22,27,29,30|7,11,15
小神通:7,10,11,12,18,21,24,26,28,29,33,16|8,13,16