中彩king:2,6,11,13,16,18,19,21,23,26,27,31|10,12,14
齐天大圣:3,4,5,7,9,10,12,13,16,18,23,24|3,10,13
军辉:3,5,8,9,15,17,18,20,23,25,26,32|11,12,15
aming8889888:4,6,7,8,9,10,16,17,26,27,29,31|5,10,15
擂台探花:2,4,6,11,14,17,18,19,24,26,27,29|6,9,12
德胜:4,5,8,9,14,16,17,18,20,21,26,30|2,11,14
三人小组:4,7,13,17,19,20,26,27,29,31,32,33|3,12,16
千年老二:4,6,9,10,12,14,19,20,22,25,29,30|7,10,16
古灵精怪:2,3,4,12,16,17,18,19,22,26,28,29|8,9,10
彩开彩凤:4,5,6,9,11,16,19,21,24,26,27,29|9,10,16
南门城楼:4,6,7,11,14,17,19,21,23,25,27,33|5,8,9
15988221845:4,5,7,9,13,17,19,21,23,25,27,31|12,14,16
东北老李:1,2,3,4,10,11,12,18,19,20,25,26|2,14,16
小财神:2,3,5,7,9,11,12,18,19,20,24,26|1,14,16
中彩昭明:2,4,7,10,15,17,18,21,23,25,27,29|8,9,16
高手的姐:2,6,7,11,12,15,18,22,26,28,29,33|3,10,11
双人组:2,6,10,11,14,15,19,21,28,29,30,31|1,6,9,
