1,2,6,7,8,9,11,16,17,19,22,25,26,27,31,33
2,3,6,8,10,11,12,14,18,20,21,25,26,29
1,2,4,9,10,12,14,15,17,18,26
1,2,4,5,6,9,11,14,29,30
1,4,6,7,8,11,13,19,21,24,25,26,30,32
4,6,10,11,12,14,16,18,19,22,23,24,27,29,30
3,4,5,10,12,15,19,20,23,24,25,28,30,32
5,7,8,11,12,13,14,16,19,20,25,26,28,31
1,4,6,7,11,12,13,16,17,24,25,29,30,33
3,4,9,11,16,18,19,22,26,27,31,32
1,10,11,20,21,29
1,2,8,11,12,14,17,18,21,22,25
4,9,11,16,25,26,33
1,4,6,11,13,15,16,18,21,27,29,33
1,5,10,14,15,16,18,20,21,23,24,28
4,11,13,15,16,18,19,21,22,33
1,2,6,7,8,9,11,16,17,19,22,25,26,27,31,33
4,11,12,15,16,20,21,23,29,33
1,6,8,11,12,15,19,20,21,25,26,29,32,33
3,4,5,6,7,8,9,10,13,21,22,24
1,2,4,5,6,9,11,14,29,30
4,11,16,21,28,29
4,11,19,28,29,30
2,3,6,7,10,30
2,10,11,19,23,30
3,6,7,11,13,16,25,32
4,5,10,11,12,15,16,19,23,29,30