2020003@2020-01-07@4,5,10,12,23,32|16
2020002@2020-01-05@9,13,18,20,23,29|2
2016094@2016-08-14@5,7,12,19,25,26|14
2015068@2015-06-14@4,13,16,17,25,32|14
2017012@2017-01-26@2,3,7,8,19,20|4
2015123@2015-10-20@1,14,18,23,24,32|6
2017110@2017-09-19@1,2,7,10,13,33|13
2016035@2016-03-29@3,16,17,24,28,29|15
2016080@2016-07-12@4,6,12,13,18,25|11
2014132@2014-11-13@7,10,16,17,28,29|12
2019104@2019-09-05@2,6,16,19,25,32|15
2018016@2018-02-06@2,13,15,18,19,26|14
2019125@2019-10-31@6,7,15,17,22,29|12
2019149@2019-12-26@4,12,15,23,26,28|10
2019138@2019-12-01@5,9,10,12,31,33|7
2019110@2019-09-19@3,5,11,16,18,23|3
2017147@2017-12-14@6,7,8,23,26,29|3
2018059@2018-05-24@5,13,17,22,24,31|11
2017064@2017-06-04@8,10,13,20,26,28|10
2014107@2014-09-16@3,5,7,14,15,25|11
2016120@2016-10-13@1,3,14,17,30,32|3
2019038@2019-04-04@2,7,22,23,29,33|11
2018081@2018-07-15@@10,20,21,22,23,27|7
2019117@2019-10-13@5,8,21,25,28,30|10
2015083@2015-07-19@8,9,13,24,29,30|2
2015111@2015-09-22@2,5,8,9,13,31|14
2017044@2017-04-18@6,7,8,17,30,33|15
2014135@2014-11-20@1,2,6,8,15,16|10
2016110@2016-09-20@3,4,26,29,30,31|7
2018123@2018-10-21@@10,15,28,31,32,33|15
2017098@2017-08-22@4,11,24,26,27,28|11
2016076@2016-07-03@4,14,19,20,25,28|6
2016141@2016-12-01@6,11,19,20,26,30|8
2019150@2019-12-29@5,10,12,19,22,26|13
2018080@2018-07-12@5,9,12,13,16,31|4
2018121@2018-10-16@8,19,20,21,25,27|11
2015131@2015-11-08@3,5,10,12,21,30|12
2017057@2017-05-18@3,9,11,18,26,31|9
2014069@2014-06-19@1,7,26,29,30,33|12
2017004@2017-01-08@6,14,15,21,22,27|9
2015025@2015-03-05@7,11,19,20,23,25|8
2018038@2018-04-05@1,6,9,16,18,31|1
2017040@2017-04-09@4,14,19,26,27,31|10
2019094@2019-08-13@6,8,16,17,30,33|6
2018150@2018-12-23@9,15,16,25,27,32|4
2017077@2017-07-04@@11,13,25,26,28,31|1
2015070@2015-06-18@1,8,21,24,25,32|14
2017116@2017-10-03@9,17,24,26,27,29|7
2015126@2015-10-27@7,11,16,20,25,27|8
2018036@2018-04-01@8,14,17,19,21,23|12
2017009@2017-01-19@3,6,21,27,28,29|12
2017046@2017-04-23@1,3,9,15,21,23|7
2014083@2014-07-22@4,6,18,22,29,32|5
2018139@2018-11-27@3,20,21,24,28,30|1
2019026@2019-03-07@6,10,11,21,25,28|5
2016033@2016-03-24@8,17,22,26,30,31|15
2017143@2017-12-05@5,15,19,20,24,26|5
2017137@2017-11-21@3,6,16,17,19,22|8
2015125@2015-10-25@2,4,8,14,28,29|6
2018102@2018-09-02@1,9,15,16,24,26|15
2019078@2019-07-07@4,14,25,26,28,30|4
2014094@2014-08-17@4,11,15,21,25,33|5
2017140@2017-11-28@5,6,9,19,20,24|2
2016058@2016-05-22@5,15,18,23,24,26|12
2019037@2019-04-02@8,9,18,20,24,30|8
2019108@2019-09-15@7,14,15,17,20,26|12
2019018@2019-02-17@2,10,11,16,22,25|13
2019126@2019-11-03@1,13,19,20,25,26|12
2015006@2015-01-13@9,25,26,28,31,32|6
2017100@2017-08-27@3,9,22,29,30,33|9
2017130@2017-11-05@2,13,17,23,29,32|9
2017135@2017-11-16@6,12,14,18,24,31|7
2017032@2017-03-21@8,11,12,17,24,28|10
2015046@2015-04-23@7,10,15,26,28,31|14
2018107@2018-09-13@@13,16,17,23,24,30|8
2019129@2019-11-10@4,6,8,11,12,33|3
2018003@2018-01-07@3,5,11,13,18,26|7
2015141@2015-12-01@2,4,9,22,24,25|7
2016131@2016-11-08@2,4,7,21,22,25|11
2018009@2018-01-21@@14,15,19,21,23,26|7
2019107@2019-09-12@4,9,13,22,25,31|16
2014110@2014-09-23@7,14,16,17,31,32|15
2019128@2019-11-07@7,11,14,16,22,23|8
2019116@2019-10-10@@12,23,27,28,31,33|12
2016077@2016-07-05@3,15,18,29,30,31|11
2016099@2016-08-25@7,8,13,24,25,31|1
2018111@2018-09-23@5,12,16,21,22,28|8
2015154@2015-12-31@1,8,12,17,25,28|7
2018074@2018-06-28@1,8,14,18,21,28|16
2018008@2018-01-18@4,7,14,22,23,26|4
2017019@2017-02-19@6,10,13,17,28,31|13
2019119@2019-10-17@4,7,17,20,29,30|12
2017109@2017-09-17@1,4,7,9,15,24|13
2017127@2017-10-29@1,11,14,21,28,31|11
2019090@2019-08-04@7,17,20,22,32,33|6
2015104@2015-09-06@5,6,9,13,26,30|7
2014062@2014-06-03@8,12,14,16,17,19|15
2019122@2019-10-24@1,5,6,12,21,23|5
2019101@2019-08-29@5,9,11,20,26,28|9
2017034@2017-03-26@6,17,22,24,28,30|6
2017093@2017-08-10@3,10,17,19,27,30|11
2018114@2018-09-30@@12,13,20,21,25,29|12
2016045@2016-04-21@5,8,15,19,21,31|2
2019133@2019-11-19@7,11,19,27,28,31|11
2016015@2016-02-04@@10,11,16,21,25,30|6
2015151@2015-12-24@6,8,12,17,30,31|4
2014093@2014-08-14@8,9,22,28,29,32|1
2016098@2016-08-23@6,10,12,17,19,23|8
2014114@2014-10-02@1,6,18,20,25,26|4
2019006@2019-01-13@1,15,16,27,28,29|6
2017136@2017-11-19@2,4,8,22,24,31|6
2019027@2019-03-10@5,10,17,20,22,27|7
2014092@2014-08-12@4,6,11,14,29,33|10
2015034@2015-03-26@3,7,10,15,18,27|5
2017041@2017-04-11@4,6,8,12,27,29|13
2018021@2018-02-25@3,6,16,17,28,29|12
2015079@2015-07-09@1,5,14,27,29,30|5
2017039@2017-04-06@5,11,18,26,30,33|2
2017152@2017-12-26@3,5,14,19,21,23|15
2019111@2019-09-22@1,8,16,17,31,33|6
2016049@2016-05-01@3,12,15,20,25,27|14
2014126@2014-10-30@6,14,17,20,22,28|15
2014066@2014-06-12@1,14,16,25,27,30|2
2017005@2017-01-10@2,8,19,20,25,26|2
2017139@2017-11-26@3,15,16,17,20,31|10
2016102@2016-09-01@@16,21,25,27,28,29|3
2014128@2014-11-04@3,9,14,15,28,31|12
2019009@2019-01-20@8,9,10,11,17,31|3
2015073@2015-06-25@2,12,15,23,29,32|5
2017131@2017-11-07@@10,17,19,21,26,27|6
2014116@2014-10-07@8,12,14,26,29,32|12
2014101@2014-09-02@@11,18,19,20,28,33|7
2018131@2018-11-08@2,10,11,17,31,33|16
2018077@2018-07-05@4,8,13,26,27,28|9
2015074@2015-06-28@3,14,17,18,20,25|9
2015102@2015-09-01@5,12,15,16,24,26|4
2018001@2018-01-02@2,10,12,24,30,33|8
2016084@2016-07-21@4,5,7,10,18,20|3
2016150@2016-12-22@9,15,21,24,29,33|8
2017103@2017-09-03@2,10,19,20,22,24|8
2017015@2017-02-09@5,7,10,22,24,26|15
2016005@2016-01-12@1,5,14,15,27,28|1
2015148@2015-12-17@1,2,12,16,19,31|16
2015013@2015-01-29@@28,23,24,25,27,28|8
2015005@2015-01-11@5,21,22,23,28,30|7
2015047@2015-04-26@2,9,11,15,23,25|7
2015012@2015-01-27@2,11,14,21,27,30|5
2015039@2015-04-07@3,5,14,28,29,30|14
2016096@2016-08-18@7,15,16,21,23,20|10
2016068@2016-06-14@@13,14,15,20,26,28|12
2016018@2016-02-18@3,13,19,22,28,29|11
2014063@2014-06-05@3,4,7,13,31,32|4
2014100@2014-08-31@4,6,7,13,22,30|6
2016014@2016-02-02@5,19,20,24,31,33|12
2018071@2018-06-21@3,6,9,20,29,30|9
2015018@2015-02-10@9,13,17,18,22,27|15
2018137@2018-11-22@1,2,5,24,27,30|4
2015048@2015-04-28@3,7,11,12,21,25|2
2019139@2019-12-03@3,5,7,24,26,27|16
2016041@2016-04-12@7,10,19,20,21,32|15
2016042@2016-04-14@5,7,9,10,15,22|4
2016140@2016-11-29@6,7,16,17,20,25|12
2014099@2014-08-28@8,18,20,24,28,29|14
2018066@2018-06-10@1,5,11,22,23,28|5
2018023@2018-03-01@2,7,23,26,32,33|13
2018065@2018-06-07@1,3,15,16,17,19|14
2018083@2018-07-19@1,3,10,11,23,27|8
2017043@2017-04-16@1,3,7,9,26,28|11
2017121@2017-10-15@2,4,8,11,19,31|4
2015061@2015-05-28@@10,11,12,19,28,29|1
2017075@2017-06-29@3,5,8,16,17,21|15
2014124@2014-10-26@2,11,12,22,24,25|8
2016054@2016-05-12@7,15,19,20,24,30|9
2018119@2018-10-11@5,10,18,20,28,29|4
2017029@2017-03-14@6,11,14,26,27,31|12
2018017@2018-02-08@6,8,14,22,25,27|14
2018118@2018-10-09@4,10,19,27,31,33|7
2015027@2015-03-10@2,7,8,22,27,28|4
2017146@2017-12-12@@10,13,25,26,27,29|1
2018002@2018-01-04@@13,17,22,23,26,33|15
2015016@2015-02-05@6,8,12,18,21,30|5
2020001@2020-01-02@1,12,15,24,25,30|8
2018110@2018-09-20@1,4,16,21,29,30|2
2019042@2019-04-14@4,6,15,19,30,31|2
2014134@2014-11-18@1,5,6,10,28,29|10
2017101@2017-08-29@1,3,6,20,27,33|14
2019106@2019-09-10@2,5,6,12,17,22|4
2018147@2018-12-16@1,7,10,12,22,23|15
2014109@2014-09-21@2,10,15,18,24,28|6
2016057@2016-05-19@1,8,18,22,25,26|13
2019068@2019-06-13@6,16,18,20,27,33|15
2017094@2017-08-13@1,10,14,15,19,23|1
2014097@2014-08-24@2,8,14,19,22,31|12
2018075@2018-07-01@@15,17,19,24,25,30|7
2015055@2015-05-14@1,3,4,10,25,26|12
2018056@2018-05-17@8,13,14,16,23,24|11
2019084@2019-07-21@4,8,20,21,22,26|8
2019131@2019-11-14@1,4,9,19,24,33|2
2017055@2017-05-14@3,17,20,27,29,31|4
2015082@2015-07-16@@21,22,25,26,27,28|7
2018061@2018-05-29@@11,12,15,26,27,29|14
2018133@2018-11-13@1,5,7,16,23,24|7
2017104@2017-09-05@@12,17,19,21,23,26|2
2019031@2019-03-19@1,12,13,23,26,29|12
2019076@2019-07-02@4,6,7,16,27,29|1
2015059@2015-05-24@1,3,4,10,25,26|12
2017149@2017-12-19@2,13,20,24,26,31|13
2016028@2016-03-13@4,6,10,18,20,23|5
2017011@2017-01-24@1,6,19,24,32,33|11
2014090@2014-08-07@2,3,20,21,23,29|4
2016043@2016-04-17@2,9,10,13,18,26|12
2015076@2015-07-02@4,6,15,20,25,30|9
2019087@2019-07-28@3,9,13,18,30,33|1
2017031@2017-03-19@1,3,8,19,21,24|10
2016136@2016-11-20@3,4,5,18,21,13|1
2018072@2018-06-24@1,8,21,27,30,33|15
2018089@2018-08-02@1,9,12,19,29,30|12
2017082@2017-07-16@2,3,11,15,21,24|6
2018025@2018-03-06@@11,12,18,22,28,29|10
2015110@2015-09-20@6,8,17,20,25,31|1
2015017@2015-02-08@7,14,15,20,26,27|2
2014148@2014-12-21@8,13,22,25,28,30|14
2017132@2017-11-09@2,4,9,11,17,24|2
2014070@2014-06-22@3,16,17,20,25,28|4
2018143@2018-12-06@8,9,14,17,25,29|6
2016101@2016-08-30@7,12,18,24,25,26|11
2015011@2015-01-25@1,5,9,11,14,24|7
2019105@2019-09-08@7,19,20,21,25,33|14
2019058@2019-05-21@@13,20,21,24,25,33|2
2019033@2019-03-24@8,10,16,21,22,29|16
2016118@2016-10-09@2,3,19,21,27,30|14
2016034@2016-03-27@6,12,15,20,21,29|3
2016010@2016-01-24@5,19,23,25,29,31|2
2018044@2018-04-19@2,4,16,19,23,26|14
2015078@2015-07-07@4,6,9,13,18,30|5
2018117@2018-10-07@1,5,13,15,29,30|10
2014082@2014-07-20@2,6,8,11,23,31|7
2016044@2016-04-19@3,8,11,14,20,27|12
2017102@2017-08-31@1,10,12,17,30,33|5
2016075@2016-06-30@@11,12,13,18,25,27|3
2014104@2014-09-09@@11,13,18,19,28,30|7
2014095@2014-08-19@3,4,8,15,24,28|2
2018085@2018-07-24@8,10,23,24,26,30|11
2016121@2016-10-16@9,12,14,17,18,31|6
2014060@2014-05-29@1,6,11,14,21,23|11
2016016@2016-02-14@3,10,16,17,18,24|15
2014085@2014-07-27@3,6,7,10,18,30|15
2015020@2015-02-15@7,10,18,21,25,30|12
2019051@2019-05-05@8,9,11,20,27,29|6
2016115@2016-10-02@5,10,17,18,19,23|11
2016108@2016-09-15@7,11,15,24,28,29|4
2015026@2015-03-08@@13,14,28,23,29,30|14
2017129@2017-11-02@3,15,20,21,27,28|6
2017091@2017-08-06@6,9,22,26,28,31|16
2019132@2019-11-17@2,6,11,13,18,27|3
2018124@2018-10-23@2,6,15,16,22,23|12
2017053@2017-05-09@@11,15,17,24,28,31|6
2016151@2016-12-25@1,17,21,22,28,29|14
2016073@2016-06-26@3,6,9,21,25,31|14
2014065@2014-06-10@2,3,9,10,22,33|13
2014151@2014-12-28@7,11,13,18,29,30|14
2019035@2019-03-28@1,4,10,16,26,27|14
2019083@2019-07-18@7,15,21,23,26,33|15
2019151@2019-12-31@1,3,12,15,18,26|16
2019135@2019-11-24@2,3,8,10,13,28|6
2017107@2017-09-12@3,5,7,8,19,21|8
2015101@2015-08-30@2,5,9,17,23,26|14
2019079@2019-07-09@3,5,6,12,14,22|4
2017134@2017-11-14@1,2,10,16,22,29|9
2019127@2019-11-05@8,9,19,24,27,28|4
2016089@2016-08-02@7,16,18,19,22,24|11
2017138@2017-11-23@8,9,13,14,27,28|6
2016128@2016-11-01@3,5,12,13,20,24|15
2016037@2016-04-03@8,15,17,19,22,24|6
2015022@2015-02-26@2,14,16,17,24,27|7
2016022@2016-02-28@7,14,19,20,21,32|5
2019096@2019-08-18@3,5,8,15,21,26|5
2016104@2016-09-06@5,12,13,14,17,19|12
2018052@2018-05-08@@12,14,15,18,19,21|3
2016009@2016-01-21@2,5,21,28,29,31|12
2016078@2016-07-07@@12,14,18,19,26,30|5
2016056@2016-05-17@1,4,10,15,18,27|10
2016079@2016-07-10@3,8,9,15,22,26|13
2018126@2018-10-28@2,11,13,22,28,29|1
2014096@2014-08-21@6,12,13,22,25,26|3
2017061@2017-05-28@6,12,13,14,18,21|11
2019003@2019-01-06@9,10,14,17,26,29|5
2019112@2019-09-24@@13,15,16,27,29,31|4
2016086@2016-07-26@9,14,15,22,23,28|12
2016003@2016-01-07@2,17,21,22,26,29|10
2017027@2017-03-09@2,7,13,21,23,25|10
2016147@2016-12-15@6,8,11,16,17,27|4
2015033@2015-03-24@9,17,18,23,27,33|5
2014144@2014-12-11@@13,17,18,20,21,28|5
2018042@2018-04-15@2,6,8,19,28,29|14
2017153@2017-12-28@5,6,16,17,19,26|4
2019130@2019-11-12@@13,15,17,22,24,29|10
2017083@2017-07-18@3,5,10,19,31,32|4
2016024@2016-03-03@@13,14,19,24,25,27|2
2017133@2017-11-12@@10,13,17,20,24,30|15
2017120@2017-10-12@7,14,15,16,32,33|9
2017085@2017-07-23@@14,16,18,22,29,32|16
2019057@2019-05-19@5,17,12,13,26,29|16
2014071@2014-06-24@1,7,11,19,24,29|1
2017086@2017-07-25@1,7,8,10,24,26|12
2017113@2017-09-26@1,2,6,12,24,27|13
2019025@2019-03-05@4,21,22,24,26,30|4
2014138@2014-11-27@4,7,14,16,19,30|11
2016091@2016-08-07@2,8,13,21,24,26|13
2018132@2018-11-11@1,2,3,18,28,29|4
2015093@2015-08-11@1,3,12,20,22,25|16
2015132@2015-11-10@8,9,10,11,19,25|13
2016097@2016-08-21@4,5,12,24,29,30|2
2018027@2018-03-11@9,11,13,22,27,29|13
2017128@2017-10-31@7,8,9,15,19,32|15
2014084@2014-07-24@6,19,23,24,32,33|15
2019093@2019-08-11@7,12,23,25,30,32|14
2015100@2015-08-27@7,9,20,24,29,30|10
2016144@2016-12-08@4,5,16,18,24,30|14
2014145@2014-12-14@@14,17,19,23,25,31|6
2017151@2017-12-24@8,10,13,20,26,28|12
2016013@2016-01-31@3,4,12,16,19,24|8
2017049@2017-04-30@1,7,21,23,28,31|1
2015085@2015-07-23@3,4,18,25,26,29|1
2014079@2014-07-13@5,12,14,23,24,29|6
2017062@2017-05-30@1,6,11,22,23,24|8
2015063@2015-06-02@2,10,14,16,29,30|8
2015086@2015-07-26@8,9,13,24,29,30|2
2019062@2019-05-30@@10,14,17,19,24,27|13
2018096@2018-08-19@1,2,9,13,17,28|14
2017013@2017-02-05@2,8,10,12,23,25|10
2017111@2017-09-21@6,10,11,18,19,27|7
2015054@2015-05-12@6,20,24,26,29,30|7
2018103@2018-09-04@@11,12,20,22,30,33|11
2015037@2015-04-02@4,7,11,16,24,25|8
2017070@2017-06-18@2,11,22,24,26,29|4
2017033@2017-03-23@9,10,12,20,21,22|7
2019048@2019-04-28@9,11,17,19,23,24|11
2015119@2015-10-11@3,4,5,18,27,30|5
2015128@2015-11-01@5,6,9,26,27,32|6
2015021@2015-02-17@8,9,13,15,23,29|6
2018105@2018-09-09@4,8,10,11,18,28|9
2014119@2014-10-14@2,11,15,17,18,27|7
2018031@2018-03-20@2,20,26,27,30,31|13
2018090@2018-08-05@4,5,17,23,25,28|9
2019040@2019-04-09@@13,14,15,26,29,30|15
2016137@2016-11-22@2,10,22,24,30,33|13
2018029@2018-03-15@1,5,16,20,22,30|13
2016129@2016-11-03@@11,13,16,26,27,29|5
2015098@2015-08-23@3,5,10,18,24,27|2
2017088@2017-07-30@9,15,16,20,21,28|5
2019016@2019-02-12@7,15,18,20,29,33|11
2018067@2018-06-12@@13,15,18,22,31,33|13
2019086@2019-07-25@2,3,11,14,25,26|7
2019071@2019-06-20@9,19,20,26,27,33|14
2014076@2014-07-06@@18,19,21,25,26,31|5
2016052@2016-05-08@6,17,22,25,26,30|1
2019137@2019-11-28@2,17,26,27,29,33|10
2018064@2018-06-05@1,10,16,21,27,29|13
2018151@2018-12-25@4,8,12,17,19,23|10
2015137@2015-11-22@4,14,20,21,26,31|9
2017074@2017-06-27@1,5,8,11,31,32|11
2018122@2018-10-18@7,14,16,19,23,32|12
2019085@2019-07-23@1,12,16,18,20,33|7
2018116@2018-10-04@7,9,12,19,25,29|13
2018028@2018-03-13@9,11,13,20,21,26|15
2016053@2016-05-10@8,15,17,19,25,28|10
2015129@2015-11-03@4,6,8,20,25,27|8
2018005@2018-01-11@@12,13,21,26,28,30|9
2019143@2019-12-12@8,12,14,16,32,33|15
2015008@2015-01-18@1,5,11,14,15,28|11
2016012@2016-01-28@2,8,10,18,27,32|6
2015002@2015-01-04@2,5,11,14,25,30|16
2015045@2015-04-21@4,5,17,18,20,21|5
2018063@2018-06-03@4,13,16,18,27,31|7
2015032@2015-03-22@7,8,15,16,29,32|10
2019020@2019-02-21@1,3,6,27,28,32|13
2019019@2019-02-19@1,12,13,14,26,30|9
2019052@2019-05-07@4,8,11,21,27,30|11
2015099@2015-08-25@1,6,12,20,30,33|14
2015122@2015-10-18@6,17,21,25,29,31|8
2019082@2019-07-16@4,11,12,22,26,33|8
2014088@2014-08-03@2,9,13,14,20,26|5
2018136@2018-11-20@2,3,4,9,19,21|15
2017052@2017-05-07@1,8,10,13,16,27|12
2015115@2015-10-01@1,4,6,8,10,25|9
2017126@2017-10-26@5,11,13,24,28,31|16
2018087@2018-07-29@@13,19,22,23,28,31|11
2019005@2019-01-10@7,9,19,20,22,27|4
2018095@2018-08-16@4,5,9,27,31,33|9
2019011@2019-01-24@@12,14,17,22,30,33|4
2018129@2018-11-04@5,8,12,29,30,31|14
2019103@2019-09-03@1,3,4,21,26,31|4
2015050@2015-05-03@@10,12,23,26,27,32|10
2019044@2019-04-18@1,16,17,25,26,33|1
2018069@2018-06-17@3,12,15,16,17,19|11
2017122@2017-10-17@5,10,13,14,28,29|13
2016007@2016-01-17@5,7,11,19,20,30|12
2019036@2019-03-31@6,14,15,18,21,33|13
2015003@2015-01-06@@15,20,22,23,29,30|8
2016116@2016-10-04@7,9,10,16,22,23|11
2015056@2015-05-17@6,7,10,12,15,20|8
2019055@2019-05-14@3,9,11,17,20,28|11
2016032@2016-03-22@4,18,23,24,31,32|4
2019056@2019-05-16@3,4,15,16,22,24|16
2019065@2019-06-06@5,10,12,21,24,33|8
2015081@2015-07-14@6,7,12,17,20,26|7
2014125@2014-10-28@@23,24,26,27,29,30|4
2019148@2019-12-24@4,6,8,18,30,32|7
2016152@2016-12-27@4,12,15,20,28,30|8
2015007@2015-01-15@9,14,19,21,27,29|11
2018040@2018-04-10@@18,25,27,29,30,33|2
2016139@2016-11-27@@16,19,20,25,26,28|9
2016149@2016-12-20@1,2,8,13,25,29|6
2014089@2014-08-05@4,7,20,22,23,30|3
2019013@2019-01-29@4,9,12,17,21,28|12
2019145@2019-12-17@1,4,6,8,13,21|15
2018098@2018-08-23@6,8,12,14,15,31|2
2016081@2016-07-14@3,12,19,23,27,31|5
2014106@2014-09-14@9,16,17,27,28,29|6
2014098@2014-08-26@2,7,9,11,16,28|15
2015004@2015-01-08@6,13,14,17,18,27|16
2019064@2019-06-04@2,3,13,15,28,29|9
2014137@2014-11-25@4,5,7,17,18,23|2
2018142@2018-12-04@@12,15,18,30,32,33|10
2015091@2015-08-06@@13,14,15,17,21,28|5
2015107@2015-09-13@1,7,13,17,24,31|7
2016119@2016-10-11@5,9,13,16,23,32|15
2016017@2016-02-16@3,8,13,17,21,29|5
2018093@2018-08-12@1,10,17,19,22,26|10
2014059@2014-05-27@1,2,7,19,20,30|12
2016130@2016-11-06@1,12,15,18,22,24|5
2019069@2019-06-16@5,15,17,25,29,30|12
2014111@2014-09-25@6,10,13,17,21,32|15
2018078@2018-07-08@1,3,6,22,24,28|7
2015117@2015-10-06@3,15,22,23,29,32|7
2019015@2019-02-03@5,8,11,19,28,29|5
2017069@2017-06-15@@13,14,19,25,26,31|12
2016051@2016-05-05@3,4,16,18,19,22|13
2016070@2016-06-19@3,8,10,15,17,20|1
2014150@2014-12-25@4,9,19,22,25,29|7
2016087@2016-07-28@@11,19,26,28,29,32|13
2019109@2019-09-17@2,3,16,17,25,27|8
2016105@2016-09-08@4,7,8,10,19,22|13
2017020@2017-02-21@2,11,19,22,28,31|15
2015036@2015-03-31@2,7,10,20,22,28|5
2018084@2018-07-22@@10,12,17,18,22,24|15
2014140@2014-12-02@5,6,7,24,26,29|15
2017119@2017-10-10@1,3,19,20,27,28|11
2015084@2015-07-21@5,6,14,15,21,23|16
2018082@2018-07-17@8,10,17,20,21,28|14
2017150@2017-12-21@1,6,7,15,16,21|2
2016050@2016-05-03@9,14,16,19,25,28|4
2019147@2019-12-22@3,11,19,21,22,33|13
2015138@2015-11-24@1,5,11,15,16,32|8
2014131@2014-11-11@@10,13,21,26,31,32|9
2015051@2015-05-05@1,7,10,15,29,31|5
2019113@2019-09-26@5,9,14,17,20,25|9
2016107@2016-09-13@@12,22,24,25,26,28|5
2019022@2019-02-26@2,8,18,23,25,30|7
2014143@2014-12-09@9,10,12,13,30,31|3
2018120@2018-10-14@2,8,11,14,16,20|3
2015140@2015-11-29@6,9,10,16,23,30|14
2019049@2019-04-30@2,12,20,24,27,33|3
2018073@2018-06-26@2,9,12,19,22,24|1
2019070@2019-06-18@4,10,12,18,21,33|4
2016123@2016-10-20@5,8,9,10,15,30|14
2015014@2015-02-01@2,15,18,20,26,29|8
2017081@2017-07-13@2,8,9,12,15,19|10
2016021@2016-02-25@6,7,12,21,22,29|9
2018060@2018-05-27@3,10,19,20,26,28|3
2016002@2016-01-05@3,5,8,11,13,26|14
2019024@2019-03-03@2,13,15,30,31,32|14
2015147@2015-12-15@4,5,6,15,16,33|6
2015142@2015-12-03@8,9,10,28,25,31|1
2019030@2019-03-17@4,5,6,9,25,26|14
2018130@2018-11-06@5,14,19,20,23,25|12
2015019@2015-02-12@@13,14,19,24,28,31|3
2017038@2017-04-04@4,7,16,17,28,29|15
2018050@2018-05-03@6,10,15,16,24,29|4
2018128@2018-11-01@8,9,13,17,27,32|5
2016109@2016-09-18@6,7,15,20,21,23|7
2016048@2016-04-28@1,5,8,16,19,30|2
2015043@2015-04-16@@10,13,15,17,21,22|10
2017072@2017-06-22@5,13,15,20,22,23|15
2017058@2017-05-21@@11,21,23,26,28,29|14
2017037@2017-04-02@@10,12,18,21,31,33|11
2017117@2017-10-05@4,9,18,21,27,29|1
2017141@2017-11-30@8,9,16,17,26,29|6
2016117@2016-10-06@5,8,19,24,25,26|1
2017068@2017-06-13@4,6,15,18,24,30|3
2015134@2015-11-15@7,10,19,21,24,33|8
2015080@2015-07-12@1,5,9,13,28,32|8
2018013@2018-01-30@7,8,12,15,21,25|7
2016006@2016-01-14@@10,12,15,18,25,31|4
2015042@2015-04-14@3,8,9,21,26,30|8
2014121@2014-10-19@3,4,10,12,29,32|4
2015095@2015-08-16@3,5,8,17,23,28|11
2018062@2018-05-31@9,12,15,17,18,19|11
2016112@2016-09-25@@16,18,25,26,30,31|15
2017030@2017-03-16@1,2,3,11,16,19|14
2017145@2017-12-10@1,3,4,7,16,22|6
2019124@2019-10-29@1,3,15,19,21,29|3
2018125@2018-10-25@4,6,9,12,16,21|12
2019100@2019-08-27@3,5,9,22,27,33|7
2019080@2019-07-11@3,5,13,15,19,22|8
2016039@2016-04-07@1,3,6,16,22,25|12
2019118@2019-10-15@2,6,8,12,15,27|16
2018127@2018-10-30@@11,12,18,21,29,30|1
2016142@2016-12-04@@10,11,15,16,30,31|4
2017099@2017-08-24@@10,11,12,13,27,30|2
2017024@2017-03-02@1,7,9,12,15,30|8
2015133@2015-11-12@8,15,18,19,22,31|12
2014087@2014-07-31@1,8,11,13,21,28|16
2017066@2017-06-08@7,8,9,21,26,29|13
2018068@2018-06-14@4,5,11,12,16,17|4
2015121@2015-10-15@8,16,20,25,29,31|6
2018141@2018-12-02@3,11,15,21,23,24|12
2018109@2018-09-18@5,6,19,29,30,33|14
2016106@2016-09-11@2,3,4,11,21,23|14
2019017@2019-02-14@5,6,12,16,21,28|3
2018152@2018-12-27@@12,17,18,21,26,32|3
2017096@2017-08-17@1,6,24,25,26,31|4
2015145@2015-12-10@1,2,8,27,28,11|12
2016027@2016-03-10@@12,21,22,25,27,30|14
2015120@2015-10-13@6,10,11,20,22,29|16
2018134@2018-11-15@6,7,13,25,26,27|8
2017105@2017-09-07@4,9,10,19,21,26|2
2017018@2017-02-16@1,16,17,22,24,26|13
2019081@2019-07-14@@12,15,16,19,26,29|12
2019029@2019-03-14@1,7,10,20,22,29|16
2015031@2015-03-19@1,4,7,20,25,26|8
2016083@2016-07-19@2,6,19,20,22,25|13
2015106@2015-09-10@5,6,12,13,20,28|11
2015058@2015-05-21@5,8,11,23,28,30|1
2016138@2016-11-24@3,8,13,15,25,26|1
2018140@2018-11-29@4,5,7,24,28,31|14
2016132@2016-11-10@6,14,18,19,20,29|12
2019120@2019-10-20@3,5,17,24,26,33|1
2018007@2018-01-16@@10,11,14,16,17,20|1
2015072@2015-06-23@4,12,13,21,29,31|2
2017124@2017-10-22@4,5,21,23,27,28|15
2019041@2019-04-11@3,7,14,18,23,28|10
2015023@2015-03-01@1,5,14,21,29,33|12
2018039@2018-04-08@1,9,14,21,27,28|7
2019059@2019-05-23@4,6,11,16,18,25|9
2014081@2014-07-17@1,9,15,21,25,27|14
2015124@2015-10-22@@16,18,21,22,29,32|9
2017084@2017-07-20@5,13,14,26,27,29|2
2015040@2015-04-09@2,6,4,11,14,32|3
2014068@2014-06-17@2,5,9,14,17,25|6
2016008@2016-01-19@@17,22,24,26,29,31|5
2019114@2019-09-29@2,8,17,20,26,29|7
2015057@2015-05-19@2,5,7,10,20,22|13
2016071@2016-06-21@5,8,10,22,23,25|14
2017092@2017-08-08@6,12,16,20,24,29|11
2015077@2015-07-05@6,11,13,17,26,30|14
2018113@2018-09-27@1,2,6,22,23,27|10
2017076@2017-07-02@4,5,6,18,25,26|3
2018057@2018-05-20@1,5,7,10,20,30|2
2019091@2019-08-06@7,13,20,26,28,29|16
2015064@2015-06-04@@13,14,20,21,25,33|9
2015029@2015-03-15@5,11,12,17,20,28|1
2016100@2016-08-28@6,11,19,21,24,25|6
2016085@2016-07-24@@13,17,22,23,25,28|16
2019102@2019-09-01@3,5,9,19,25,30|11
2016113@2016-09-27@5,10,15,20,21,25|10
2019121@2019-10-22@3,6,8,29,30,33|4
2015105@2015-09-08@9,15,16,18,20,26|7
2017073@2017-06-25@@12,13,18,26,27,28|10
2017095@2017-08-15@7,8,9,19,25,30|11
2015060@2015-05-26@3,4,15,24,26,28|6
2018011@2018-01-25@4,5,8,13,21,30|3
2017045@2017-04-20@6,7,18,26,27,32|8
2017025@2017-03-05@1,2,12,27,28,33|1
2016090@2016-08-04@6,7,14,15,20,23|4
2016026@2016-03-08@2,17,18,21,23,29|4
2014061@2014-06-01@@15,24,25,31,32,33|9
2016067@2016-06-12@@10,11,13,19,21,24|3
2014133@2014-11-16@@13,14,16,23,30,31|13
2016134@2016-11-15@6,7,14,15,22,23|10
2018049@2018-05-01@3,7,12,16,30,32|14
2015024@2015-03-03@@10,13,16,19,28,29|8
2015112@2015-09-24@@18,19,24,27,28,30|4
2019008@2019-01-17@4,8,10,19,22,27|13
2015041@2015-04-12@9,13,14,21,24,30|12
2019134@2019-11-21@6,16,19,20,27,30|2
2017026@2017-03-07@5,10,24,26,31,33|1
2017148@2017-12-17@3,5,16,23,24,26|16
2017154@2017-12-31@1,8,9,18,24,32|3
2015009@2015-01-20@6,8,9,21,28,33|15
2018138@2018-11-25@1,4,11,16,19,31|8
2014130@2014-11-09@7,9,11,21,23,27|9
2015149@2015-12-20@@12,20,23,24,26,27|12
2018026@2018-03-08@3,7,9,17,21,24|9
2016061@2016-05-29@5,6,13,14,19,28|14
2015066@2015-06-09@2,13,14,16,17,25|11
2016114@2016-09-29@5,11,19,22,26,28|16
2016047@2016-04-26@@10,17,18,19,22,25|13
2018092@2018-08-09@5,15,25,26,28,30|4
2014115@2014-10-05@1,6,10,11,22,31|15
2015116@2015-10-04@8,13,17,25,29,32|10
2019099@2019-08-25@@15,17,20,23,26,27|14
2017035@2017-03-28@1,7,10,15,19,27|12
2015135@2015-11-17@2,7,18,23,24,26|8
2014146@2014-12-16@3,6,7,17,25,29|10
2015127@2015-10-29@7,8,9,10,14,31|10
2014113@2014-09-30@5,8,15,20,25,33|8
2018004@2018-01-09@7,9,10,17,21,24|11
2018094@2018-08-14@9,15,21,22,29,30|15
2015001@2015-01-01@4,7,12,14,15,17|8
2019046@2019-04-23@7,11,12,17,19,25|12
2019012@2019-01-27@@15,20,22,23,30,31|1
2014129@2014-11-06@@19,20,22,24,31,33|8
2016019@2016-02-21@4,9,13,18,29,31|7
2019054@2019-05-12@3,5,7,9,23,33|6
2014074@2014-07-01@1,8,14,22,24,29|7
2018099@2018-08-26@2,14,15,23,28,33|9
2016025@2016-03-06@2,6,13,21,22,25|4
2018112@2018-09-25@1,4,10,18,24,32|7
2016020@2016-02-23@1,2,3,6,9,30|5
2016127@2016-10-30@2,6,10,13,25,28|16
2017042@2017-04-13@1,5,7,16,17,22|10
2017087@2017-07-27@8,11,20,23,26,32|11
2019010@2019-01-22@6,9,21,26,31,33|8
2016069@2016-06-16@@11,16,22,23,25,26|2
2019141@2019-12-08@2,12,13,15,24,29|7
2019074@2019-06-27@1,2,16,18,21,29|13
2015152@2015-12-27@1,3,10,11,17,22|5
2016064@2016-06-05@1,6,13,18,25,26|1
2018022@2018-02-27@7,8,10,15,16,22|14
2017060@2017-05-25@@12,14,16,26,29,30|12
2014108@2014-09-18@2,7,8,24,26,29|1
2017023@2017-02-28@1,4,14,27,29,30|10
2015038@2015-04-05@3,7,10,12,20,25|4
2017014@2017-02-07@5,8,13,17,30,32|5
2014139@2014-11-30@5,7,8,22,23,28|12
2019144@2019-12-15@1,9,13,15,21,24|8
2014080@2014-07-15@4,15,18,29,31,32|3
2016126@2016-10-27@3,9,11,12,18,26|5
2019142@2019-12-10@4,7,17,20,21,23|6
2018055@2018-05-15@@10,11,15,17,22,29|13
2017036@2017-03-30@2,10,18,20,24,29|9
2014078@2014-07-10@6,9,10,12,24,26|12
2015136@2015-11-19@3,7,9,13,16,33|16
2016040@2016-04-10@2,13,15,22,27,29|16
2015092@2015-08-09@@19,20,23,26,27,30|1
2016088@2016-07-31@7,12,14,26,28,30|12
2015130@2015-11-05@3,18,23,26,27,33|15
2018076@2018-07-03@3,16,19,30,31,33|13
2016125@2016-10-25@1,12,16,20,25,27|2
2018148@2018-12-18@7,12,13,28,29,32|8
2017115@2017-10-01@5,7,14,16,18,33|15
2019060@2019-05-26@8,11,17,24,25,29|6
2016143@2016-12-06@1,6,12,17,25,28|11
2015065@2015-06-07@3,9,24,26,31,32|6
2016133@2016-11-13@2,3,4,7,18,31|15
2017008@2017-01-17@2,8,21,24,27,28|10
2018054@2018-05-13@2,20,22,23,27,28|12
2018043@2018-04-17@8,10,12,18,25,28|15
2016122@2016-10-18@1,11,17,20,24,31|6
2019014@2019-01-31@1,3,10,15,18,24|16
2017097@2017-08-20@4,8,11,15,23,24|14
2019089@2019-08-01@2,5,7,14,21,29|3
2015088@2015-07-30@5,6,14,15,21,23|16
2018012@2018-01-28@@14,19,20,28,31,32|9
2015075@2015-06-30@4,12,22,23,26,33|14
2017048@2017-04-27@6,10,12,17,20,23|4
2015139@2015-11-26@2,3,7,21,22,29|14
2017003@2017-01-05@@12,14,20,27,28,29|2
2016055@2016-05-15@2,5,15,19,20,26|14
2016060@2016-05-26@2,7,11,12,19,30|8
2018037@2018-04-03@@11,13,15,26,27,28|1
2015143@2015-12-06@@15,25,27,29,30,31|14
2014118@2014-10-12@8,10,12,27,28,29|14
2017106@2017-09-10@@16,17,24,25,31,33|6
2016074@2016-06-28@@13,14,20,23,25,26|5
2017007@2017-01-15@8,15,16,21,28,29|3
2018018@2018-02-11@@10,13,18,24,26,32|7
2015096@2015-08-18@9,10,15,17,28,31|11
2016153@2016-12-29@1,3,8,19,21,29|8
2014073@2014-06-29@@17,24,27,29,30,32|12
2015108@2015-09-15@1,3,7,19,23,24|5
2017080@2017-07-11@7,13,16,24,28,31|15
2014077@2014-07-08@2,15,17,21,23,31|14
2015114@2015-09-29@1,17,23,25,27,29|12
2016148@2016-12-18@2,15,16,22,27,31|6
2015049@2015-04-30@7,12,14,19,25,32|6
2015097@2015-08-20@6,10,12,16,25,27|3
2017114@2017-09-28@9,10,11,12,23,27|15
2016065@2016-06-07@2,6,4,8,15,31|14
2017078@2017-07-06@4,14,25,28,31,32|16
2017065@2017-06-06@2,4,11,19,26,28|4
2016031@2016-03-20@4,21,22,26,32,33|9
2014086@2014-07-29@2,14,17,18,19,21|1
2019097@2019-08-20@@11,13,14,16,27,28|11
2019050@2019-05-02@4,6,10,18,22,31|6
2018020@2018-02-22@6,9,10,17,27,29|4
2018032@2018-03-22@2,3,11,14,22,30|14
2014141@2014-12-04@1,2,8,17,19,25|15
2016004@2016-01-10@3,16,19,23,25,32|10
2016124@2016-10-23@@10,20,23,27,28,31|16
2016011@2016-01-26@2,6,9,16,25,31|2
2015044@2015-04-19@8,13,15,24,25,31|4
2018015@2018-02-04@@15,19,24,26,30,31|1
2015109@2015-09-17@8,11,16,18,28,31|4
2018045@2018-04-22@2,7,10,11,25,29|7
2015015@2015-02-03@1,5,6,15,16,20|5
2018144@2018-12-09@@10,15,16,20,23,24|9
2017067@2017-06-11@4,6,13,16,30,31|12
2016036@2016-03-31@2,7,8,25,32,33|15
2015067@2015-06-11@4,7,9,12,17,26|10
2019021@2019-02-24@3,4,8,13,26,29|2
2018041@2018-04-12@2,4,6,8,25,28|15
2014127@2014-11-02@1,3,4,7,15,18|7
2019007@2019-01-15@3,6,9,13,15,28|5
2015087@2015-07-28@7,8,9,17,19,24|2
2019073@2019-06-25@1,17,18,19,28,32|7
2014117@2014-10-09@3,5,14,17,23,24|7
2019077@2019-07-04@3,10,14,17,21,33|16
2018034@2018-03-27@7,9,10,19,27,31|14
2017051@2017-05-04@4,13,19,21,23,27|15
2014075@2014-07-03@6,11,24,25,26,33|12
2019146@2019-12-19@1,5,7,10,19,25|12
2017125@2017-10-24@1,6,10,15,24,29|6
2019066@2019-06-09@3,5,6,9,13,27|3
2014103@2014-09-07@5,9,10,14,24,32|2
2016038@2016-04-05@1,3,21,25,28,29|4
2016093@2016-08-11@7,15,18,30,31,32|12
2016030@2016-03-17@1,4,13,14,25,31|6
2018086@2018-07-26@3,7,10,27,29,30|11
2018115@2018-10-02@1,3,10,11,12,27|15
2018014@2018-02-01@2,3,9,14,20,28|5
2017142@2017-12-03@1,21,22,25,28,29|4
2014123@2014-10-23@7,16,17,20,27,28|1
2015010@2015-01-22@@15,24,26,27,29,32|13
2014102@2014-09-04@3,4,12,13,19,30|8
2014105@2014-09-11@8,14,16,25,26,27|6
2015090@2015-08-04@6,9,20,22,28,29|12
2018046@2018-04-24@4,7,13,17,24,29|7
2019075@2019-06-30@@10,16,20,27,28,33|1
2019001@2019-01-01@4,6,19,22,26,27|12
2016111@2016-09-22@6,7,18,19,25,26|5
2019039@2019-04-07@2,10,17,25,26,31|13
2015069@2015-06-16@5,13,17,18,23,25|8
2019004@2019-01-08@1,11,21,25,26,31|14
2018088@2018-07-31@@10,14,19,21,23,29|2
2014149@2014-12-23@2,3,8,18,23,26|4
2016059@2016-05-24@3,7,9,22,25,26|4
2015071@2015-06-21@8,9,15,16,20,22|7
2019047@2019-04-25@6,7,12,13,15,32|4
2016046@2016-04-24@2,9,13,14,17,25|12
2019053@2019-05-09@2,6,17,23,24,29|12
2018047@2018-04-26@2,8,9,25,27,29|15
2019063@2019-06-02@5,6,21,22,23,27|10
2017144@2017-12-07@4,9,14,18,20,27|13
2017108@2017-09-14@1,6,14,18,25,27|7
2016095@2016-08-16@4,7,12,13,27,33|9
2018106@2018-09-11@1,9,20,26,27,28|16
2014142@2014-12-07@6,12,16,21,26,32|14
2019002@2019-01-03@9,10,12,19,21,23|2
2016066@2016-06-09@1,9,10,15,18,23|5
2019032@2019-03-21@4,7,10,15,26,29|3
2017123@2017-10-19@@11,16,18,25,30,31|1
2015035@2015-03-29@1,4,10,11,13,33|1
2017022@2017-02-26@@18,20,22,26,27,31|12
2018149@2018-12-20@1,4,6,29,30,32|11
2019067@2019-06-11@8,17,23,24,28,30|10
2019043@2019-04-16@4,8,12,27,31,33|15
2018079@2018-07-10@6,7,13,17,25,28|15
2018051@2018-05-06@1,9,11,16,26,32|3
2018097@2018-08-21@5,11,14,18,25,30|31
2019061@2019-05-28@2,10,14,21,22,24|2
2015103@2015-09-03@@16,21,29,30,31,33|12
2017090@2017-08-03@3,4,16,23,24,27|15
2014072@2014-06-26@1,10,11,16,21,30|12
2017118@2017-10-08@1,6,7,9,14,26|6
2018091@2018-08-07@7,11,15,16,32,33|5
2016062@2016-05-31@@12,23,25,27,30,31|12
2016029@2016-03-15@6,8,9,12,25,28|3
2019095@2019-08-15@@10,11,22,24,25,27|2
2016001@2016-01-03@2,3,4,9,14,30|5
2018033@2018-03-25@9,10,15,17,20,31|8
2019088@2019-07-30@3,9,16,25,26,29|6
2017001@2017-01-01@2,9,14,16,20,27|11
2014136@2014-11-23@8,9,12,14,20,29|8
2019028@2019-03-12@7,9,19,22,29,33|12
2016063@2016-06-02@2,15,16,22,23,27|14
2019023@2019-02-28@4,5,6,13,16,27|4
2019140@2019-12-05@3,5,12,14,21,23|9
2018104@2018-09-06@2,3,11,17,24,25|8
2018135@2018-11-18@7,11,15,19,22,32|11
2014152@2014-12-30@3,8,22,23,28,29|12
2016103@2016-09-04@@10,13,16,18,19,30|12
2018108@2018-09-16@2,7,8,10,19,24|2
2017071@2017-06-20@5,7,10,11,26,28|7
2019115@2019-10-08@8,9,19,24,25,28|15
2015052@2015-05-07@@12,17,23,26,28,30|6
2015144@2015-12-08@2,3,4,5,23,26|12
2017063@2017-06-01@7,8,18,20,23,26|7
2014112@2014-09-28@2,3,16,19,27,33|10
2018100@2018-08-28@1,5,16,19,26,27|7
2015146@2015-12-13@1,5,12,16,22,32|14
2018006@2018-01-14@2,3,9,15,22,26|13
2018024@2018-03-04@5,7,15,16,23,27|5
2016023@2016-03-01@5,7,19,26,28,32|7
2015150@2015-12-22@7,13,19,22,28,30|3
2014091@2014-08-10@1,2,13,15,18,32|13
2017079@2017-07-09@2,7,12,16,24,33|2
2016082@2016-07-17@4,18,22,26,30,31|15
2014120@2014-10-16@4,11,26,28,29,32|8
2014122@2014-10-21@2,10,13,16,26,29|3
2019123@2019-10-27@@15,17,24,26,28,29|16
2019034@2019-03-26@6,7,8,9,12,20|13
2016135@2016-11-17@3,9,12,16,24,25|12
2016072@2016-06-23@7,11,13,18,25,29|10
2017006@2017-01-12@4,7,9,15,31,33|1
2016145@2016-12-11@@13,19,21,22,25,26|8
2019092@2019-08-08@1,15,20,23,26,28|3
2015153@2015-12-29@3,6,19,20,24,25|10
2019045@2019-04-21@7,8,9,21,23,30|15
2017010@2017-01-22@2,9,15,19,23,24|4
2017002@2017-01-03@1,7,12,15,23,28|12
2016146@2016-12-13@1,4,11,26,28,30|7
2015118@2015-10-08@1,5,8,13,15,20|4
2018101@2018-08-30@@17,18,22,26,28,30|3
2017112@2017-09-24@3,6,9,23,25,28|12
2018146@2018-12-13@2,4,14,16,24,29|5
2017056@2017-05-16@4,17,23,24,30,32|10
2018048@2018-04-29@@12,13,14,27,28,30|12
2018053@2018-05-10@6,13,16,17,24,26|14
2015062@2015-05-31@1,2,7,8,21,30|5
2019136@2019-11-26@4,14,24,26,30,31|15
2015094@2015-08-13@3,5,8,10,18,25|8
2017059@2017-05-23@1,3,14,23,26,27|6
2017054@2017-05-11@8,10,11,13,23,24|3
2018145@2018-12-11@7,17,18,20,24,26|12
2017089@2017-08-01@4,13,18,20,27,29|14
2017016@2017-02-12@1,4,6,10,23,31|3
2015089@2015-08-02@2,5,8,15,22,23|7
2014147@2014-12-18@3,11,13,22,26,31|3
2015113@2015-09-27@3,14,20,25,29,31|15
2018153@2018-12-30@5,10,13,23,27,30|9
2018058@2018-05-22@6,7,16,19,20,24|4
2018035@2018-03-29@5,8,14,22,27,28|16
2017017@2017-02-14@@16,25,26,29,30,32|10
2018030@2018-03-18@2,3,12,18,21,23|12
2019098@2019-08-22@@12,14,15,21,23,26|10
2017028@2017-03-12@1,5,8,17,24,27|7
2016092@2016-08-09@4,18,22,24,25,28|16
2014067@2014-06-15@4,8,14,21,28,29|8
2018019@2018-02-13@1,4,18,19,23,24|11
2017021@2017-02-23@3,9,14,23,26,30|15
2018070@2018-06-19@4,5,7,16,17,31|14
2019072@2019-06-23@5,11,15,24,26,28|11
2015053@2015-05-10@2,13,23,26,29,30|15
2015028@2015-03-12@2,7,8,12,17,24|1
2015030@2015-03-17@5,8,13,19,23,24|5
2014064@2014-06-08@5,12,17,18,28,33|16
2017047@2017-04-25@@11,12,18,21,23,29|14
2018010@2018-01-23@4,7,17,18,24,33|8
2017050@2017-05-02@3,6,9,15,16,24|11
