古灵精怪:1,2,9,10,14,16,20,24,25,27,32,33|9,10,11
阿拉丁:4,5,6,9,10,14,18,19,23,24,29,32|3,6,7
GM.chen:2,3,13,14,16,20,21,22,24,27,29,30|10,12,14
南天一注:2,6,8,14,15,20,24,25,26,28,30,32|1,8,10
锅子之锄禾:5,6,9,14,15,16,17,19,27,28,29,31|6,8,16
斜阳追月:4,5,7,8,9,12,13,15,27,28,32,33|9,10,11
中彩昭明:4,6,9,10,13,16,19,20,24,25,26,29|10,15,16
齐天大圣:3,4,6,9,11,12,14,16,20,25,26,29|6,8,12
双人组:5,6,7,9,16,17,21,22,23,28,29,32|3,9,15
军辉:1,3,4,6,13,15,16,22,24,26,31,33|9,10,15
aming8889888:6,7,8,12,13,15,19,20,23,27,29,33|1,6,16
东北老李:1,3,5,7,9,11,12,14,20,26,28,32|3,9,10
三人小组:2,4,6,9,12,14,16,22,27,28,29,32|8,10,16
小财神:1,2,4,5,11,12,18,19,20,22,23,26|3,9,10
德胜:3,6,12,15,16,21,22,23,24,25,28,32|6,8,15
南天一注:2,6,8,14,15,20,24,25,26,28,30,32|1,8,10
开平碉楼:1,7,8,11,12,19,20,21,22,25,27,32|4,8,10