天衍之数:4,7,8,10,11,14,17,18,22,26,27,33|4,7,12
齐天大圣:1,4,8,10,11,12,14,18,19,22,28,33|13,14,15
福彩状元:4,6,8,10,11,13,17,22,23,27,28,30|4,10,16
小财神:1,2,3,4,11,12,15,16,20,23,28,31|5,10,14
开平碉楼:1,5,8,10,11,12,14,18,20,21,22,24|1,8,14
弹指神功:5,6,8,10,11,13,17,22,23,28,30,32|6,8,10
小神通:2,5,9,10,14,15,17,18,19,23,29,32|1,6,16
三人小组:2,5,7,17,19,20,23,26,27,28,29,32|5,9,13
德胜:3,5,8,16,17,19,26,27,28,29,30,33|9,15,16
辽宁刚哥:6,7,12,13,14,15,18,22,25,27,29,30|6,12,15
双人组:1,5,8,14,17,18,20,24,26,27,30,31|3,5,11
阿拉丁:4,7,10,15,17,18,22,23,24,26,29,32|3,4,10
东北老李:1,2,3,4,11,12,15,16,20,23,28,31|5,10,14
古灵精怪:3,4,5,7,11,12,13,23,24,25,26,32|4,5,6
锅子之锄禾:3,4,5,8,11,14,16,19,21,22,24,27|1,6,7
aming8889888:7,11,12,13,14,15,16,18,20,22,25,26|4,6,10
解码双色球:1,2,7,11,14,15,17,21,25,27,29,32|3,4,5